Facebook0
333
5038
236
122
24
271
176
130
204
252
82
276
280
211
84
133
239
322
3
175
170
254
231
127
285
188
23
73
288
119
48
200
313
199
53
344
56
118
26
134
270
135
223
88
339
108
169
62
275
213
83
28
242
214
307
20
207
308
186
128
334
238
67
78
345
315
317
98
27
197
109
203
105
232
64
248
224
283
144
290
172
300
346
184
159
149
332
25
342
17
80
325
161
142
136
255
246
272
31
326
284
140
343
297
320
185
7
104
324
9
1
21
277
85
111
14
310
304
92
72
125
302
40
212
261
146
57
168
265
311
309
330
230
329
194
36
291
323
55
13
258
196
141
30
274
286
249
341
174
33
312
115
333
263
66
139
59
162
158
63
19
303
75
137
218
314
5
178
192
266
243
195
8
113
10
129
273
226
331
150
101
99
296
117
340
299
163
116
165
328
46
87
189
60
259
123
45
58
279
126
2
91
143
257
93
96
41
235
6
171
187
301
281
167
250
106
94
100
110
225
181
180
295
289
260
65
318
38
156
251
89
68
227
131
103
132
177
298
262
16
278
44
50
86
97
54
124
237
90
148
173
51
179
22
157
121
152
327
120
29
102
69
269
247
282
338
208
319
190
264
347
233
166
95
155
4
221
147
306
222
112
268
76
138
217
240
164
206
77
219
245
39
220
49
293
337
153
234
154
198
321
32
182
79
336
229
81
244
294
151
253
267
228
202
61
193
47
52
160
71
201
305
191
256
35
316
107
183
205
216
145
70
42
34
241
236,186,1.0
122,285,1.0
24,346,1.0
271,304,1.0
176,9,1.0
130,329,1.0
204,213,1.0
252,332,1.0
82,65,1.0
276,26,1.0
280,272,1.0
211,199,1.0
84,236,1.0
133,62,1.0
239,172,1.0
322,53,1.0
3,170,1.0
175,46,1.0
170,176,1.0
170,56,1.0
254,194,1.0
231,117,1.0
127,135,1.0
285,103,1.0
188,133,1.0
23,116,1.0
73,299,1.0
288,315,1.0
119,323,1.0
48,57,1.0
200,98,1.0
313,63,1.0
199,304,1.0
53,346,1.0
344,239,1.0
56,67,1.0
118,325,1.0
188,119,1.0
26,277,1.0
134,56,1.0
270,76,1.0
135,36,1.0
223,170,1.0
170,274,1.0
88,21,1.0
339,119,1.0
108,197,1.0
169,271,1.0
62,236,1.0
275,273,1.0
88,186,1.0
213,186,1.0
83,23,1.0
28,312,1.0
242,57,1.0
214,20,1.0
307,71,1.0
20,333,1.0
207,322,1.0
339,168,1.0
308,277,1.0
186,341,1.0
322,122,1.0
128,9,1.0
334,252,1.0
238,265,1.0
67,141,1.0
78,273,1.0
345,122,1.0
315,345,1.0
317,158,1.0
98,21,1.0
339,38,1.0
24,302,1.0
27,54,1.0
197,139,1.0
109,118,1.0
252,291,1.0
170,142,1.0
82,271,1.0
203,332,1.0
105,9,1.0
232,285,1.0
64,217,1.0
239,62,1.0
248,332,1.0
73,126,1.0
224,261,1.0
283,3,1.0
144,226,1.0
119,48,1.0
290,25,1.0
172,342,1.0
119,170,1.0
285,146,1.0
300,94,1.0
236,142,1.0
346,1,1.0
184,159,1.0
159,139,1.0
53,299,1.0
149,20,1.0
83,25,1.0
332,13,1.0
25,94,1.0
342,59,1.0
238,239,1.0
17,326,1.0
80,187,1.0
325,109,1.0
224,84,1.0
161,142,1.0
122,323,1.0
161,308,1.0
142,66,1.0
308,31,1.0
136,7,1.0
271,252,1.0
255,49,1.0
48,320,1.0
3,85,1.0
246,7,1.0
109,56,1.0
109,119,1.0
239,238,1.0
272,186,1.0
200,123,1.0
285,246,1.0
271,188,1.0
31,277,1.0
326,17,1.0
284,108,1.0
140,137,1.0
56,26,1.0
343,115,1.0
25,323,1.0
345,159,1.0
297,26,1.0
343,149,1.0
320,48,1.0
200,109,1.0
185,271,1.0
7,136,1.0
326,149,1.0
104,56,1.0
339,136,1.0
308,142,1.0
324,329,1.0
9,252,1.0
1,315,1.0
21,274,1.0
119,171,1.0
345,67,1.0
280,1,1.0
313,265,1.0
277,271,1.0
56,88,1.0
9,203,1.0
85,176,1.0
111,343,1.0
14,20,1.0
310,32,1.0
304,30,1.0
199,222,1.0
92,346,1.0
72,40,1.0
284,184,1.0
125,136,1.0
134,118,1.0
9,322,1.0
302,266,1.0
332,104,1.0
40,199,1.0
212,67,1.0
200,277,1.0
82,169,1.0
270,203,1.0
308,172,1.0
261,63,1.0
146,313,1.0
188,285,1.0
57,92,1.0
168,304,1.0
199,265,1.0
332,98,1.0
169,136,1.0
213,57,1.0
248,277,1.0
98,271,1.0
56,141,1.0
310,17,1.0
199,118,1.0
239,141,1.0
21,212,1.0
176,128,1.0
175,278,1.0
203,25,1.0
265,40,1.0
26,252,1.0
339,340,1.0
172,232,1.0
31,237,1.0
311,265,1.0
309,135,1.0
330,80,1.0
230,70,1.0
272,159,1.0
21,134,1.0
24,53,1.0
40,332,1.0
261,16,1.0
239,223,1.0
304,249,1.0
277,39,1.0
224,141,1.0
142,345,1.0
72,141,1.0
313,21,1.0
261,271,1.0
276,25,1.0
109,200,1.0
288,25,1.0
329,291,1.0
194,242,1.0
223,203,1.0
290,170,1.0
261,325,1.0
36,251,1.0
291,10,1.0
342,67,1.0
21,55,1.0
108,284,1.0
3,228,1.0
168,31,1.0
67,69,1.0
323,142,1.0
261,113,1.0
55,200,1.0
13,277,1.0
322,25,1.0
258,257,1.0
285,136,1.0
80,320,1.0
265,98,1.0
252,248,1.0
62,200,1.0
313,54,1.0
196,249,1.0
323,85,1.0
82,231,1.0
141,224,1.0
342,119,1.0
304,325,1.0
136,156,1.0
325,104,1.0
211,325,1.0
304,158,1.0
254,302,1.0
92,242,1.0
30,303,1.0
274,188,1.0
28,310,1.0
271,30,1.0
286,81,1.0
144,326,1.0
265,56,1.0
249,57,1.0
341,186,1.0
174,293,1.0
33,42,1.0
312,28,1.0
199,212,1.0
9,323,1.0
168,347,1.0
67,142,1.0
1,53,1.0
115,2,1.0
333,2,1.0
332,38,1.0
291,280,1.0
119,54,1.0
271,232,1.0
135,281,1.0
258,9,1.0
285,200,1.0
330,94,1.0
263,175,1.0
212,304,1.0
238,342,1.0
284,159,1.0
111,279,1.0
141,172,1.0
66,21,1.0
313,203,1.0
84,51,1.0
139,320,1.0
25,186,1.0
252,338,1.0
200,188,1.0
59,342,1.0
162,149,1.0
304,322,1.0
185,169,1.0
252,236,1.0
25,290,1.0
56,185,1.0
158,40,1.0
238,222,1.0
56,128,1.0
199,261,1.0
271,203,1.0
63,313,1.0
62,161,1.0
302,57,1.0
19,175,1.0
98,172,1.0
28,144,1.0
249,213,1.0
239,252,1.0
332,25,1.0
265,203,1.0
303,104,1.0
339,161,1.0
119,39,1.0
239,211,1.0
313,172,1.0
200,122,1.0
104,303,1.0
75,9,1.0
137,312,1.0
272,203,1.0
218,78,1.0
261,268,1.0
314,65,1.0
57,213,1.0
21,56,1.0
7,213,1.0
139,281,1.0
5,122,1.0
55,21,1.0
80,24,1.0
178,38,1.0
186,109,1.0
304,21,1.0
192,49,1.0
203,21,1.0
285,271,1.0
122,248,1.0
104,322,1.0
312,243,1.0
302,254,1.0
236,169,1.0
304,324,1.0
266,249,1.0
3,280,1.0
243,312,1.0
211,98,1.0
195,181,1.0
8,245,1.0
297,185,1.0
113,104,1.0
10,142,1.0
129,7,1.0
56,297,1.0
248,323,1.0
273,328,1.0
115,19,1.0
36,309,1.0
129,168,1.0
242,194,1.0
343,2,1.0
21,169,1.0
226,343,1.0
40,200,1.0
172,331,1.0
326,343,1.0
134,26,1.0
332,329,1.0
3,200,1.0
331,109,1.0
150,128,1.0
101,299,1.0
203,59,1.0
231,315,1.0
265,199,1.0
99,296,1.0
322,290,1.0
296,102,1.0
118,261,1.0
238,56,1.0
117,231,1.0
312,149,1.0
304,308,1.0
105,277,1.0
204,196,1.0
315,303,1.0
284,21,1.0
239,21,1.0
312,326,1.0
277,161,1.0
340,213,1.0
98,223,1.0
172,277,1.0
128,104,1.0
313,222,1.0
98,331,1.0
299,194,1.0
122,141,1.0
324,217,1.0
291,25,1.0
13,188,1.0
104,318,1.0
261,65,1.0
265,128,1.0
163,173,1.0
116,14,1.0
92,1,1.0
26,3,1.0
165,121,1.0
3,25,1.0
149,226,1.0
328,306,1.0
172,141,1.0
303,315,1.0
56,239,1.0
122,274,1.0
46,177,1.0
249,180,1.0
73,1,1.0
272,346,1.0
53,48,1.0
199,119,1.0
248,38,1.0
24,187,1.0
196,67,1.0
304,172,1.0
87,136,1.0
323,141,1.0
323,62,1.0
189,217,1.0
280,236,1.0
115,137,1.0
25,276,1.0
186,55,1.0
30,56,1.0
60,285,1.0
197,127,1.0
334,26,1.0
304,170,1.0
259,8,1.0
346,184,1.0
186,199,1.0
200,39,1.0
185,344,1.0
184,329,1.0
149,162,1.0
285,213,1.0
185,290,1.0
13,261,1.0
204,5,1.0
109,26,1.0
169,40,1.0
194,196,1.0
85,156,1.0
67,55,1.0
98,285,1.0
123,342,1.0
118,283,1.0
45,67,1.0
80,48,1.0
162,343,1.0
272,21,1.0
271,133,1.0
67,297,1.0
13,118,1.0
115,28,1.0
230,23,1.0
58,269,1.0
46,175,1.0
25,169,1.0
80,57,1.0
135,197,1.0
203,161,1.0
113,261,1.0
116,23,1.0
275,218,1.0
285,170,1.0
314,199,1.0
279,111,1.0
126,48,1.0
36,320,1.0
137,167,1.0
140,326,1.0
130,48,1.0
302,94,1.0
315,80,1.0
101,80,1.0
23,227,1.0
92,194,1.0
2,20,1.0
72,252,1.0
323,96,1.0
91,8,1.0
143,177,1.0
200,30,1.0
257,26,1.0
331,324,1.0
142,322,1.0
188,104,1.0
239,276,1.0
23,61,1.0
325,21,1.0
204,94,1.0
346,194,1.0
223,186,1.0
56,252,1.0
113,142,1.0
26,21,1.0
285,323,1.0
290,176,1.0
93,167,1.0
276,122,1.0
96,133,1.0
41,243,1.0
188,304,1.0
203,313,1.0
200,170,1.0
232,200,1.0
235,5,1.0
6,89,1.0
171,107,1.0
257,169,1.0
224,232,1.0
271,79,1.0
187,24,1.0
141,67,1.0
113,66,1.0
56,103,1.0
59,271,1.0
40,213,1.0
158,26,1.0
211,82,1.0
285,208,1.0
119,285,1.0
26,9,1.0
40,133,1.0
143,175,1.0
56,132,1.0
45,221,1.0
212,344,1.0
285,315,1.0
301,324,1.0
21,170,1.0
326,214,1.0
281,159,1.0
281,251,1.0
109,67,1.0
25,232,1.0
59,56,1.0
92,180,1.0
122,284,1.0
322,48,1.0
277,308,1.0
290,323,1.0
167,93,1.0
250,59,1.0
106,29,1.0
274,341,1.0
249,302,1.0
118,239,1.0
111,337,1.0
252,109,1.0
56,55,1.0
80,266,1.0
252,134,1.0
104,67,1.0
94,346,1.0
141,280,1.0
325,161,1.0
322,203,1.0
96,274,1.0
158,315,1.0
199,98,1.0
134,132,1.0
280,98,1.0
254,187,1.0
329,269,1.0
297,21,1.0
100,150,1.0
110,264,1.0
266,330,1.0
171,150,1.0
322,45,1.0
72,165,1.0
344,257,1.0
184,21,1.0
119,332,1.0
257,236,1.0
277,324,1.0
332,248,1.0
329,119,1.0
225,86,1.0
232,56,1.0
291,224,1.0
53,196,1.0
315,213,1.0
322,136,1.0
181,152,1.0
141,257,1.0
180,80,1.0
26,199,1.0
45,104,1.0
332,67,1.0
303,45,1.0
250,252,1.0
3,26,1.0
98,148,1.0
185,55,1.0
172,239,1.0
295,239,1.0
325,98,1.0
252,113,1.0
323,119,1.0
188,315,1.0
55,203,1.0
137,111,1.0
224,200,1.0
194,80,1.0
295,104,1.0
17,140,1.0
266,302,1.0
232,212,1.0
249,24,1.0
200,323,1.0
323,122,1.0
203,65,1.0
259,201,1.0
161,56,1.0
119,252,1.0
238,82,1.0
197,251,1.0
105,272,1.0
291,332,1.0
289,137,1.0
195,306,1.0
313,26,1.0
108,21,1.0
98,203,1.0
260,160,1.0
346,204,1.0
271,21,1.0
334,113,1.0
172,238,1.0
299,48,1.0
65,314,1.0
1,194,1.0
175,321,1.0
261,223,1.0
10,169,1.0
185,315,1.0
67,136,1.0
203,211,1.0
329,272,1.0
203,297,1.0
212,239,1.0
80,194,1.0
161,118,1.0
170,250,1.0
176,290,1.0
225,227,1.0
324,118,1.0
98,104,1.0
318,119,1.0
291,72,1.0
38,141,1.0
156,295,1.0
31,51,1.0
123,334,1.0
251,284,1.0
19,312,1.0
53,322,1.0
203,67,1.0
89,6,1.0
235,21,1.0
68,177,1.0
227,177,1.0
281,108,1.0
280,188,1.0
144,14,1.0
126,88,1.0
315,249,1.0
232,40,1.0
131,99,1.0
103,271,1.0
119,185,1.0
200,3,1.0
7,22,1.0
132,134,1.0
239,212,1.0
231,178,1.0
21,223,1.0
194,266,1.0
109,186,1.0
127,284,1.0
322,56,1.0
123,67,1.0
299,346,1.0
144,23,1.0
149,326,1.0
56,75,1.0
144,343,1.0
98,122,1.0
31,291,1.0
272,108,1.0
118,26,1.0
232,298,1.0
13,172,1.0
184,135,1.0
200,75,1.0
203,82,1.0
280,121,1.0
177,278,1.0
236,297,1.0
26,265,1.0
331,56,1.0
298,40,1.0
262,220,1.0
314,342,1.0
127,36,1.0
94,53,1.0
186,178,1.0
41,230,1.0
118,268,1.0
185,274,1.0
161,252,1.0
199,203,1.0
299,24,1.0
175,99,1.0
325,252,1.0
87,161,1.0
239,234,1.0
302,194,1.0
252,29,1.0
142,158,1.0
88,73,1.0
16,261,1.0
20,44,1.0
3,72,1.0
57,249,1.0
278,86,1.0
251,36,1.0
44,343,1.0
143,131,1.0
50,277,1.0
203,200,1.0
72,3,1.0
72,200,1.0
252,200,1.0
280,332,1.0
254,101,1.0
161,21,1.0
86,278,1.0
328,275,1.0
91,193,1.0
248,169,1.0
9,276,1.0
258,141,1.0
303,236,1.0
82,331,1.0
97,230,1.0
113,132,1.0
53,260,1.0
23,175,1.0
186,345,1.0
184,139,1.0
239,323,1.0
54,27,1.0
291,213,1.0
188,170,1.0
62,276,1.0
128,265,1.0
170,315,1.0
143,278,1.0
188,323,1.0
25,158,1.0
56,66,1.0
40,232,1.0
123,98,1.0
284,36,1.0
331,98,1.0
303,109,1.0
25,176,1.0
136,339,1.0
104,123,1.0
124,170,1.0
174,112,1.0
85,323,1.0
325,222,1.0
290,56,1.0
3,142,1.0
300,130,1.0
109,324,1.0
251,108,1.0
218,328,1.0
9,176,1.0
128,322,1.0
26,203,1.0
252,13,1.0
149,115,1.0
111,312,1.0
119,313,1.0
68,175,1.0
186,9,1.0
128,313,1.0
330,242,1.0
211,331,1.0
72,26,1.0
67,203,1.0
257,315,1.0
236,105,1.0
213,87,1.0
21,342,1.0
329,184,1.0
224,122,1.0
31,168,1.0
67,212,1.0
115,312,1.0
273,78,1.0
332,158,1.0
26,308,1.0
13,238,1.0
159,172,1.0
92,24,1.0
207,56,1.0
278,225,1.0
115,226,1.0
315,158,1.0
56,119,1.0
26,232,1.0
135,309,1.0
232,231,1.0
172,252,1.0
159,127,1.0
68,225,1.0
231,9,1.0
23,245,1.0
322,60,1.0
141,39,1.0
266,53,1.0
176,239,1.0
162,326,1.0
304,161,1.0
237,31,1.0
169,56,1.0
322,1,1.0
1,133,1.0
133,96,1.0
115,14,1.0
313,199,1.0
304,212,1.0
90,179,1.0
346,320,1.0
113,342,1.0
142,122,1.0
9,258,1.0
75,200,1.0
148,119,1.0
320,127,1.0
118,211,1.0
280,231,1.0
14,226,1.0
281,284,1.0
239,325,1.0
9,304,1.0
173,163,1.0
30,48,1.0
187,302,1.0
56,161,1.0
260,126,1.0
165,72,1.0
88,48,1.0
103,339,1.0
56,62,1.0
188,25,1.0
73,331,1.0
272,304,1.0
24,266,1.0
67,290,1.0
271,172,1.0
172,211,1.0
57,277,1.0
118,331,1.0
67,188,1.0
211,203,1.0
278,46,1.0
113,119,1.0
320,184,1.0
194,346,1.0
134,66,1.0
51,237,1.0
322,130,1.0
56,332,1.0
67,123,1.0
199,315,1.0
25,231,1.0
56,272,1.0
315,291,1.0
266,196,1.0
133,141,1.0
243,41,1.0
177,175,1.0
65,261,1.0
24,180,1.0
243,216,1.0
265,311,1.0
249,187,1.0
119,217,1.0
85,188,1.0
187,101,1.0
309,320,1.0
36,197,1.0
87,315,1.0
322,161,1.0
28,151,1.0
177,131,1.0
239,203,1.0
187,92,1.0
299,94,1.0
280,304,1.0
31,339,1.0
56,221,1.0
179,145,1.0
48,54,1.0
3,122,1.0
203,331,1.0
53,254,1.0
98,113,1.0
56,169,1.0
313,239,1.0
8,91,1.0
126,322,1.0
22,7,1.0
21,9,1.0
67,119,1.0
25,76,1.0
83,31,1.0
188,165,1.0
137,41,1.0
341,9,1.0
271,332,1.0
315,133,1.0
312,262,1.0
157,124,1.0
121,165,1.0
232,158,1.0
249,315,1.0
3,188,1.0
297,67,1.0
128,176,1.0
218,181,1.0
239,232,1.0
21,184,1.0
152,4,1.0
340,7,1.0
312,111,1.0
327,95,1.0
2,333,1.0
59,239,1.0
248,26,1.0
249,254,1.0
184,346,1.0
59,268,1.0
324,109,1.0
82,158,1.0
322,85,1.0
169,334,1.0
56,59,1.0
252,65,1.0
224,291,1.0
120,247,1.0
334,21,1.0
325,13,1.0
226,2,1.0
119,176,1.0
280,290,1.0
277,186,1.0
118,200,1.0
9,67,1.0
148,109,1.0
248,53,1.0
325,186,1.0
323,103,1.0
170,3,1.0
197,320,1.0
24,194,1.0
342,13,1.0
141,122,1.0
298,265,1.0
141,72,1.0
285,313,1.0
22,339,1.0
343,44,1.0
128,26,1.0
178,213,1.0
213,246,1.0
340,339,1.0
334,339,1.0
342,56,1.0
67,75,1.0
277,105,1.0
78,218,1.0
330,249,1.0
25,119,1.0
67,186,1.0
29,338,1.0
291,272,1.0
122,128,1.0
142,271,1.0
119,122,1.0
194,101,1.0
176,170,1.0
159,281,1.0
299,187,1.0
13,98,1.0
103,169,1.0
266,242,1.0
102,296,1.0
257,280,1.0
66,56,1.0
94,80,1.0
59,186,1.0
143,227,1.0
69,67,1.0
239,322,1.0
142,31,1.0
332,331,1.0
313,315,1.0
177,225,1.0
72,113,1.0
324,136,1.0
50,314,1.0
269,58,1.0
277,175,1.0
40,280,1.0
178,88,1.0
346,196,1.0
21,332,1.0
325,265,1.0
342,98,1.0
148,50,1.0
170,128,1.0
141,291,1.0
200,67,1.0
161,339,1.0
9,105,1.0
324,22,1.0
108,36,1.0
119,271,1.0
280,252,1.0
21,142,1.0
94,320,1.0
45,122,1.0
1,48,1.0
136,56,1.0
67,109,1.0
123,186,1.0
115,140,1.0
26,122,1.0
199,238,1.0
227,68,1.0
322,323,1.0
203,9,1.0
200,199,1.0
116,149,1.0
185,103,1.0
115,262,1.0
30,9,1.0
276,98,1.0
341,322,1.0
274,21,1.0
98,261,1.0
142,277,1.0
21,239,1.0
211,56,1.0
80,300,1.0
186,59,1.0
315,313,1.0
196,330,1.0
194,180,1.0
242,249,1.0
257,25,1.0
276,9,1.0
304,224,1.0
204,130,1.0
277,57,1.0
96,190,1.0
345,285,1.0
230,307,1.0
56,203,1.0
204,92,1.0
141,199,1.0
150,163,1.0
247,29,1.0
25,104,1.0
242,53,1.0
186,203,1.0
56,122,1.0
246,339,1.0
223,172,1.0
73,48,1.0
185,322,1.0
50,113,1.0
276,236,1.0
282,244,1.0
31,308,1.0
211,272,1.0
148,113,1.0
211,128,1.0
184,281,1.0
344,104,1.0
338,203,1.0
29,118,1.0
176,26,1.0
55,170,1.0
69,26,1.0
277,332,1.0
338,252,1.0
271,25,1.0
213,345,1.0
304,203,1.0
72,232,1.0
48,73,1.0
127,21,1.0
56,238,1.0
208,188,1.0
312,14,1.0
72,56,1.0
40,231,1.0
98,325,1.0
127,281,1.0
122,142,1.0
319,89,1.0
242,266,1.0
266,80,1.0
328,4,1.0
322,128,1.0
94,315,1.0
21,203,1.0
339,129,1.0
172,98,1.0
48,88,1.0
188,56,1.0
199,325,1.0
317,132,1.0
170,304,1.0
274,75,1.0
248,67,1.0
186,45,1.0
161,87,1.0
291,188,1.0
25,148,1.0
277,325,1.0
86,225,1.0
211,13,1.0
100,323,1.0
246,315,1.0
21,105,1.0
170,342,1.0
226,28,1.0
334,132,1.0
190,23,1.0
322,118,1.0
199,239,1.0
318,261,1.0
188,67,1.0
113,271,1.0
297,188,1.0
264,91,1.0
326,28,1.0
113,26,1.0
339,87,1.0
104,186,1.0
346,101,1.0
236,62,1.0
239,122,1.0
199,172,1.0
67,272,1.0
347,129,1.0
188,291,1.0
127,108,1.0
25,252,1.0
272,9,1.0
233,256,1.0
326,116,1.0
26,334,1.0
239,26,1.0
333,149,1.0
133,40,1.0
197,272,1.0
104,200,1.0
84,224,1.0
223,271,1.0
302,24,1.0
242,204,1.0
188,239,1.0
342,211,1.0
85,322,1.0
125,119,1.0
272,211,1.0
239,313,1.0
45,200,1.0
303,322,1.0
103,285,1.0
5,180,1.0
297,322,1.0
199,56,1.0
196,266,1.0
195,4,1.0
238,203,1.0
142,161,1.0
347,168,1.0
67,62,1.0
315,203,1.0
170,268,1.0
128,271,1.0
111,310,1.0
62,142,1.0
14,151,1.0
313,60,1.0
92,94,1.0
21,277,1.0
48,203,1.0
180,48,1.0
29,252,1.0
40,334,1.0
239,119,1.0
252,103,1.0
104,25,1.0
333,343,1.0
36,135,1.0
257,344,1.0
203,170,1.0
248,252,1.0
303,221,1.0
56,9,1.0
59,252,1.0
327,89,1.0
186,62,1.0
85,271,1.0
161,62,1.0
265,67,1.0
175,86,1.0
272,236,1.0
236,88,1.0
329,150,1.0
99,68,1.0
106,169,1.0
325,172,1.0
156,67,1.0
17,310,1.0
180,187,1.0
119,199,1.0
82,118,1.0
166,202,1.0
95,319,1.0
172,29,1.0
178,30,1.0
332,203,1.0
130,300,1.0
342,63,1.0
113,67,1.0
277,55,1.0
284,197,1.0
324,332,1.0
272,285,1.0
142,285,1.0
131,227,1.0
322,246,1.0
62,67,1.0
204,53,1.0
5,204,1.0
271,276,1.0
338,31,1.0
20,2,1.0
275,195,1.0
1,299,1.0
308,21,1.0
188,30,1.0
55,239,1.0
261,123,1.0
98,280,1.0
161,26,1.0
203,186,1.0
2,226,1.0
242,180,1.0
31,200,1.0
119,208,1.0
297,280,1.0
142,104,1.0
269,119,1.0
346,127,1.0
7,38,1.0
67,345,1.0
271,322,1.0
22,277,1.0
332,324,1.0
82,56,1.0
272,297,1.0
252,325,1.0
155,157,1.0
69,25,1.0
20,115,1.0
133,271,1.0
9,128,1.0
168,7,1.0
236,271,1.0
53,191,1.0
231,232,1.0
19,293,1.0
158,339,1.0
84,82,1.0
53,54,1.0
275,78,1.0
203,268,1.0
144,151,1.0
64,171,1.0
4,306,1.0
237,51,1.0
55,56,1.0
185,119,1.0
13,236,1.0
199,128,1.0
277,120,1.0
297,203,1.0
346,272,1.0
108,320,1.0
178,345,1.0
213,272,1.0
82,148,1.0
221,285,1.0
56,334,1.0
200,55,1.0
56,136,1.0
326,162,1.0
181,275,1.0
56,298,1.0
147,95,1.0
185,22,1.0
212,172,1.0
67,9,1.0
13,148,1.0
54,1,1.0
40,271,1.0
239,109,1.0
304,109,1.0
109,158,1.0
343,111,1.0
271,277,1.0
261,313,1.0
249,266,1.0
236,69,1.0
25,72,1.0
276,271,1.0
306,275,1.0
222,118,1.0
315,322,1.0
112,19,1.0
142,9,1.0
133,236,1.0
9,334,1.0
146,50,1.0
329,332,1.0
268,118,1.0
304,257,1.0
186,285,1.0
169,318,1.0
101,187,1.0
291,31,1.0
20,226,1.0
300,346,1.0
291,258,1.0
148,25,1.0
150,329,1.0
62,239,1.0
142,323,1.0
186,67,1.0
82,13,1.0
94,24,1.0
119,109,1.0
44,312,1.0
276,200,1.0
313,98,1.0
53,317,1.0
26,271,1.0
297,9,1.0
67,323,1.0
168,22,1.0
170,290,1.0
329,197,1.0
226,312,1.0
59,261,1.0
56,60,1.0
232,21,1.0
194,204,1.0
169,26,1.0
30,322,1.0
21,119,1.0
302,330,1.0
237,84,1.0
243,167,1.0
109,331,1.0
175,19,1.0
323,3,1.0
30,200,1.0
67,196,1.0
121,206,1.0
271,141,1.0
308,246,1.0
324,301,1.0
172,271,1.0
324,150,1.0
148,229,1.0
226,41,1.0
297,323,1.0
28,326,1.0
104,26,1.0
116,312,1.0
9,85,1.0
9,199,1.0
92,187,1.0
320,300,1.0
331,118,1.0
21,88,1.0
55,277,1.0
76,270,1.0
218,273,1.0
62,323,1.0
158,304,1.0
69,304,1.0
291,7,1.0
324,119,1.0
17,116,1.0
87,246,1.0
109,322,1.0
108,281,1.0
30,73,1.0
186,200,1.0
249,194,1.0
342,172,1.0
54,329,1.0
25,141,1.0
188,26,1.0
315,323,1.0
25,297,1.0
242,158,1.0
119,188,1.0
108,184,1.0
26,176,1.0
203,308,1.0
342,21,1.0
44,111,1.0
142,303,1.0
138,19,1.0
339,148,1.0
324,213,1.0
285,164,1.0
265,331,1.0
323,341,1.0
299,180,1.0
242,80,1.0
285,117,1.0
252,123,1.0
51,83,1.0
214,116,1.0
252,322,1.0
161,258,1.0
248,21,1.0
56,212,1.0
217,119,1.0
236,280,1.0
116,140,1.0
325,59,1.0
320,108,1.0
186,170,1.0
257,272,1.0
53,332,1.0
295,212,1.0
13,223,1.0
265,239,1.0
334,165,1.0
254,330,1.0
223,199,1.0
21,136,1.0
174,19,1.0
213,96,1.0
9,280,1.0
315,98,1.0
129,31,1.0
251,281,1.0
88,164,1.0
240,23,1.0
325,26,1.0
285,277,1.0
98,128,1.0
224,332,1.0
297,200,1.0
29,231,1.0
130,204,1.0
1,88,1.0
221,322,1.0
98,59,1.0
315,128,1.0
54,313,1.0
164,88,1.0
87,213,1.0
334,277,1.0
272,185,1.0
309,281,1.0
122,280,1.0
331,271,1.0
119,280,1.0
22,87,1.0
119,128,1.0
158,82,1.0
271,142,1.0
323,285,1.0
103,136,1.0
204,249,1.0
227,23,1.0
329,106,1.0
341,56,1.0
226,14,1.0
197,36,1.0
262,115,1.0
334,304,1.0
265,223,1.0
44,20,1.0
272,271,1.0
67,200,1.0
169,236,1.0
149,2,1.0
341,274,1.0
315,26,1.0
56,30,1.0
325,239,1.0
31,129,1.0
130,73,1.0
95,89,1.0
186,21,1.0
325,211,1.0
57,80,1.0
206,178,1.0
322,62,1.0
226,116,1.0
77,40,1.0
31,338,1.0
325,200,1.0
109,252,1.0
67,332,1.0
181,195,1.0
161,9,1.0
88,106,1.0
136,304,1.0
170,260,1.0
130,88,1.0
80,92,1.0
322,88,1.0
53,204,1.0
91,110,1.0
14,116,1.0
188,342,1.0
194,249,1.0
53,330,1.0
67,252,1.0
172,118,1.0
20,41,1.0
248,200,1.0
308,338,1.0
197,108,1.0
96,224,1.0
98,272,1.0
211,222,1.0
150,64,1.0
224,67,1.0
304,98,1.0
310,137,1.0
132,158,1.0
105,21,1.0
21,308,1.0
219,319,1.0
245,8,1.0
308,7,1.0
265,325,1.0
315,121,1.0
41,115,1.0
284,281,1.0
106,231,1.0
169,315,1.0
67,325,1.0
26,55,1.0
156,188,1.0
101,194,1.0
277,170,1.0
258,188,1.0
19,174,1.0
304,334,1.0
271,331,1.0
239,67,1.0
222,199,1.0
332,208,1.0
312,305,1.0
328,218,1.0
110,259,1.0
170,271,1.0
66,67,1.0
341,188,1.0
200,9,1.0
199,113,1.0
67,271,1.0
134,67,1.0
115,116,1.0
94,254,1.0
227,86,1.0
67,26,1.0
39,141,1.0
118,342,1.0
220,115,1.0
261,297,1.0
252,82,1.0
189,100,1.0
339,334,1.0
218,275,1.0
313,261,1.0
101,266,1.0
101,302,1.0
49,192,1.0
59,325,1.0
169,21,1.0
67,280,1.0
134,252,1.0
30,236,1.0
322,308,1.0
119,82,1.0
100,217,1.0
111,20,1.0
122,123,1.0
94,180,1.0
346,300,1.0
322,21,1.0
293,19,1.0
56,199,1.0
203,56,1.0
314,82,1.0
158,22,1.0
118,172,1.0
239,169,1.0
223,342,1.0
184,36,1.0
311,325,1.0
208,291,1.0
56,222,1.0
239,295,1.0
56,313,1.0
272,277,1.0
199,134,1.0
9,119,1.0
88,80,1.0
185,280,1.0
331,203,1.0
310,111,1.0
25,199,1.0
200,113,1.0
184,57,1.0
72,291,1.0
285,303,1.0
299,92,1.0
56,211,1.0
322,9,1.0
13,313,1.0
322,276,1.0
334,9,1.0
5,187,1.0
119,26,1.0
60,291,1.0
89,95,1.0
9,156,1.0
337,111,1.0
141,304,1.0
322,158,1.0
28,226,1.0
203,325,1.0
200,276,1.0
176,25,1.0
7,65,1.0
21,235,1.0
129,291,1.0
204,266,1.0
252,265,1.0
64,119,1.0
119,125,1.0
119,325,1.0
73,130,1.0
9,66,1.0
142,109,1.0
213,53,1.0
271,119,1.0
99,102,1.0
280,105,1.0
251,135,1.0
312,220,1.0
186,236,1.0
277,98,1.0
120,277,1.0
26,304,1.0
315,280,1.0
1,92,1.0
144,17,1.0
239,55,1.0
339,31,1.0
5,315,1.0
252,25,1.0
125,169,1.0
224,213,1.0
99,23,1.0
136,122,1.0
236,121,1.0
56,277,1.0
82,170,1.0
265,238,1.0
41,17,1.0
88,322,1.0
325,304,1.0
332,291,1.0
313,170,1.0
199,291,1.0
280,122,1.0
324,199,1.0
188,9,1.0
132,45,1.0
130,25,1.0
75,304,1.0
291,169,1.0
6,147,1.0
194,254,1.0
142,170,1.0
21,121,1.0
8,264,1.0
88,303,1.0
271,170,1.0
48,80,1.0
25,280,1.0
94,92,1.0
299,249,1.0
175,277,1.0
113,25,1.0
186,128,1.0
104,188,1.0
302,315,1.0
334,169,1.0
304,272,1.0
313,342,1.0
203,261,1.0
118,324,1.0
30,329,1.0
310,151,1.0
303,132,1.0
153,280,1.0
303,285,1.0
264,8,1.0
105,257,1.0
199,186,1.0
224,9,1.0
25,291,1.0
104,169,1.0
274,40,1.0
339,313,1.0
122,31,1.0
308,323,1.0
186,221,1.0
40,315,1.0
224,276,1.0
161,271,1.0
111,17,1.0
252,186,1.0
203,285,1.0
189,64,1.0
203,118,1.0
338,308,1.0
308,87,1.0
280,315,1.0
169,122,1.0
67,128,1.0
178,322,1.0
156,122,1.0
194,92,1.0
280,142,1.0
26,40,1.0
307,230,1.0
204,57,1.0
248,119,1.0
104,325,1.0
186,239,1.0
189,150,1.0
128,252,1.0
136,169,1.0
132,119,1.0
199,9,1.0
150,189,1.0
128,170,1.0
239,261,1.0
308,26,1.0
26,69,1.0
122,203,1.0
36,184,1.0
293,174,1.0
277,159,1.0
115,343,1.0
41,116,1.0
315,324,1.0
280,239,1.0
251,21,1.0
26,315,1.0
169,104,1.0
53,213,1.0
199,40,1.0
109,21,1.0
236,257,1.0
25,277,1.0
339,22,1.0
186,322,1.0
236,13,1.0
313,118,1.0
285,185,1.0
332,200,1.0
142,134,1.0
252,315,1.0
296,99,1.0
36,108,1.0
40,329,1.0
212,232,1.0
217,64,1.0
53,101,1.0
170,200,1.0
118,199,1.0
122,200,1.0
271,236,1.0
130,257,1.0
118,65,1.0
322,257,1.0
75,67,1.0
161,277,1.0
291,158,1.0
77,332,1.0
143,68,1.0
3,67,1.0
297,65,1.0
342,118,1.0
167,32,1.0
214,137,1.0
132,315,1.0
26,298,1.0
98,141,1.0
64,189,1.0
259,110,1.0
19,214,1.0
25,200,1.0
265,298,1.0
24,101,1.0
119,13,1.0
238,211,1.0
56,231,1.0
75,56,1.0
143,225,1.0
234,239,1.0
330,204,1.0
172,261,1.0
62,170,1.0
345,186,1.0
127,251,1.0
25,88,1.0
304,75,1.0
136,308,1.0
38,248,1.0
261,314,1.0
186,188,1.0
200,271,1.0
56,342,1.0
200,285,1.0
200,26,1.0
9,170,1.0
122,261,1.0
105,236,1.0
4,152,1.0
204,329,1.0
139,251,1.0
62,223,1.0
40,72,1.0
285,196,1.0
96,213,1.0
118,13,1.0
91,245,1.0
26,276,1.0
158,142,1.0
315,329,1.0
271,185,1.0
67,104,1.0
200,280,1.0
180,24,1.0
101,53,1.0
115,41,1.0
185,25,1.0
13,67,1.0
213,315,1.0
68,227,1.0
186,323,1.0
213,128,1.0
67,213,1.0
214,41,1.0
9,342,1.0
252,199,1.0
24,299,1.0
318,123,1.0
92,204,1.0
122,25,1.0
297,252,1.0
100,269,1.0
56,72,1.0
261,211,1.0
322,75,1.0
122,55,1.0
154,219,1.0
236,303,1.0
75,323,1.0
26,161,1.0
21,236,1.0
249,304,1.0
344,185,1.0
344,212,1.0
14,28,1.0
13,252,1.0
178,303,1.0
211,103,1.0
60,239,1.0
186,104,1.0
203,342,1.0
8,259,1.0
271,199,1.0
342,165,1.0
82,314,1.0
7,322,1.0
322,242,1.0
123,26,1.0
211,342,1.0
13,82,1.0
187,346,1.0
322,329,1.0
113,313,1.0
261,122,1.0
104,203,1.0
198,166,1.0
142,56,1.0
116,144,1.0
295,26,1.0
169,185,1.0
211,285,1.0
344,67,1.0
84,237,1.0
329,16,1.0
122,303,1.0
53,249,1.0
122,56,1.0
67,13,1.0
82,199,1.0
48,330,1.0
346,130,1.0
40,169,1.0
109,203,1.0
152,275,1.0
59,250,1.0
68,143,1.0
180,242,1.0
296,175,1.0
101,330,1.0
165,113,1.0
126,260,1.0
21,271,1.0
17,41,1.0
82,59,1.0
342,261,1.0
297,56,1.0
142,334,1.0
291,87,1.0
342,314,1.0
178,231,1.0
109,303,1.0
128,213,1.0
72,272,1.0
342,277,1.0
321,175,1.0
271,176,1.0
144,116,1.0
48,180,1.0
322,104,1.0
298,271,1.0
21,281,1.0
67,277,1.0
343,19,1.0
221,303,1.0
134,304,1.0
132,303,1.0
304,122,1.0
285,221,1.0
315,302,1.0
304,56,1.0
26,128,1.0
204,242,1.0
32,167,1.0
41,144,1.0
101,204,1.0
182,97,1.0
111,214,1.0
261,118,1.0
329,27,1.0
295,9,1.0
148,339,1.0
346,53,1.0
88,1,1.0
67,344,1.0
172,199,1.0
188,277,1.0
197,284,1.0
103,56,1.0
185,297,1.0
213,122,1.0
53,266,1.0
101,94,1.0
67,72,1.0
266,101,1.0
315,56,1.0
280,291,1.0
304,67,1.0
20,312,1.0
332,16,1.0
252,122,1.0
9,113,1.0
79,188,1.0
26,118,1.0
56,40,1.0
277,213,1.0
330,266,1.0
204,80,1.0
13,239,1.0
113,325,1.0
211,29,1.0
141,40,1.0
118,56,1.0
91,259,1.0
280,67,1.0
94,300,1.0
67,21,1.0
137,214,1.0
50,203,1.0
168,291,1.0
31,83,1.0
196,92,1.0
213,161,1.0
254,204,1.0
303,122,1.0
227,102,1.0
291,252,1.0
186,142,1.0
331,16,1.0
277,26,1.0
312,44,1.0
93,310,1.0
196,346,1.0
266,254,1.0
148,272,1.0
13,342,1.0
169,332,1.0
4,195,1.0
80,299,1.0
26,98,1.0
127,139,1.0
223,200,1.0
113,72,1.0
213,40,1.0
204,346,1.0
113,172,1.0
261,345,1.0
303,345,1.0
309,127,1.0
165,169,1.0
236,272,1.0
103,98,1.0
310,167,1.0
227,296,1.0
325,268,1.0
332,252,1.0
285,304,1.0
186,213,1.0
239,25,1.0
169,277,1.0
334,188,1.0
134,203,1.0
89,319,1.0
325,223,1.0
119,50,1.0
329,308,1.0
79,26,1.0
336,25,1.0
9,79,1.0
261,98,1.0
21,272,1.0
314,50,1.0
106,88,1.0
140,17,1.0
299,254,1.0
82,261,1.0
203,334,1.0
19,17,1.0
26,236,1.0
170,285,1.0
161,199,1.0
104,113,1.0
1,280,1.0
232,224,1.0
39,121,1.0
53,24,1.0
277,291,1.0
169,5,1.0
67,134,1.0
346,92,1.0
322,250,1.0
322,339,1.0
45,142,1.0
277,334,1.0
141,62,1.0
1,119,1.0
115,326,1.0
189,119,1.0
180,194,1.0
223,98,1.0
236,304,1.0
203,265,1.0
339,277,1.0
277,188,1.0
304,239,1.0
26,188,1.0
40,304,1.0
26,79,1.0
232,9,1.0
271,40,1.0
308,22,1.0
200,304,1.0
312,17,1.0
50,146,1.0
280,26,1.0
137,115,1.0
257,295,1.0
103,25,1.0
49,241,1.0
170,332,1.0
56,290,1.0
40,29,1.0
329,130,1.0
313,271,1.0
56,276,1.0
122,3,1.0
41,14,1.0
23,190,1.0
118,277,1.0
108,159,1.0
315,223,1.0
285,9,1.0
118,304,1.0
8,201,1.0
277,339,1.0
332,122,1.0
227,143,1.0
212,40,1.0
57,24,1.0
56,322,1.0
186,222,1.0
40,141,1.0
310,41,1.0
196,194,1.0
271,285,1.0
41,151,1.0
261,239,1.0
320,272,1.0
123,200,1.0
50,119,1.0
67,322,1.0
272,213,1.0
56,104,1.0
103,7,1.0
170,82,1.0
328,78,1.0
41,137,1.0
280,141,1.0
223,315,1.0
79,67,1.0
203,272,1.0
334,203,1.0
313,252,1.0
119,150,1.0
229,334,1.0
309,184,1.0
229,109,1.0
67,25,1.0
187,254,1.0
170,185,1.0
110,8,1.0
268,325,1.0
81,269,1.0
104,122,1.0
141,26,1.0
25,272,1.0
200,56,1.0
158,113,1.0
159,277,1.0
109,142,1.0
212,252,1.0
29,16,1.0
304,271,1.0
310,93,1.0
315,105,1.0
332,119,1.0
284,251,1.0
244,282,1.0
102,99,1.0
322,252,1.0
261,203,1.0
150,171,1.0
85,3,1.0
341,304,1.0
195,275,1.0
122,272,1.0
232,276,1.0
236,122,1.0
330,92,1.0
104,142,1.0
186,277,1.0
332,231,1.0
99,278,1.0
77,117,1.0
324,252,1.0
122,170,1.0
82,121,1.0
331,211,1.0
236,224,1.0
156,136,1.0
159,320,1.0
19,115,1.0
277,208,1.0
249,346,1.0
136,120,1.0
50,331,1.0
281,320,1.0
200,297,1.0
337,41,1.0
290,322,1.0
242,101,1.0
325,122,1.0
30,331,1.0
212,199,1.0
119,331,1.0
294,277,1.0
40,274,1.0
308,213,1.0
252,79,1.0
9,26,1.0
109,104,1.0
40,224,1.0
144,41,1.0
98,315,1.0
158,242,1.0
180,196,1.0
122,342,1.0
169,142,1.0
147,319,1.0
166,198,1.0
151,41,1.0
40,158,1.0
271,239,1.0
315,257,1.0
67,304,1.0
99,263,1.0
323,332,1.0
254,346,1.0
312,115,1.0
132,277,1.0
324,238,1.0
67,265,1.0
248,311,1.0
322,30,1.0
109,229,1.0
230,71,1.0
223,246,1.0
159,345,1.0
56,291,1.0
253,182,1.0
20,162,1.0
94,187,1.0
67,303,1.0
170,124,1.0
130,322,1.0
272,40,1.0
115,20,1.0
195,218,1.0
302,249,1.0
142,297,1.0
281,21,1.0
252,26,1.0
14,144,1.0
140,214,1.0
214,14,1.0
32,310,1.0
130,53,1.0
171,119,1.0
225,99,1.0
330,299,1.0
222,313,1.0
21,165,1.0
304,280,1.0
238,59,1.0
302,346,1.0
267,23,1.0
312,137,1.0
98,265,1.0
203,50,1.0
308,136,1.0
342,170,1.0
338,29,1.0
143,46,1.0
315,211,1.0
98,252,1.0
231,172,1.0
325,40,1.0
285,186,1.0
239,123,1.0
239,66,1.0
171,189,1.0
277,252,1.0
226,326,1.0
274,122,1.0
122,161,1.0
281,272,1.0
280,25,1.0
249,101,1.0
239,60,1.0
214,326,1.0
325,199,1.0
186,56,1.0
246,223,1.0
148,176,1.0
315,132,1.0
330,53,1.0
290,280,1.0
36,284,1.0
104,21,1.0
284,135,1.0
310,337,1.0
25,51,1.0
277,67,1.0
325,158,1.0
68,263,1.0
113,277,1.0
100,163,1.0
19,138,1.0
320,135,1.0
314,96,1.0
211,118,1.0
297,142,1.0
251,197,1.0
40,142,1.0
26,291,1.0
39,21,1.0
9,72,1.0
320,159,1.0
144,28,1.0
232,133,1.0
252,308,1.0
118,29,1.0
25,3,1.0
27,119,1.0
25,283,1.0
26,141,1.0
228,283,1.0
343,116,1.0
131,278,1.0
169,9,1.0
345,21,1.0
5,87,1.0
57,48,1.0
222,56,1.0
172,72,1.0
304,26,1.0
53,180,1.0
261,67,1.0
177,227,1.0
224,148,1.0
65,82,1.0
249,299,1.0
113,239,1.0
141,98,1.0
127,272,1.0
113,203,1.0
165,200,1.0
223,239,1.0
271,261,1.0
342,265,1.0
329,322,1.0
26,200,1.0
302,53,1.0
203,29,1.0
275,181,1.0
17,111,1.0
56,304,1.0
82,172,1.0
277,22,1.0
119,269,1.0
169,125,1.0
111,41,1.0
172,103,1.0
122,344,1.0
268,82,1.0
313,146,1.0
161,322,1.0
314,236,1.0
332,109,1.0
252,66,1.0
59,203,1.0
172,82,1.0
322,345,1.0
2,312,1.0
313,285,1.0
300,299,1.0
269,81,1.0
25,188,1.0
128,248,1.0
85,170,1.0
132,311,1.0
203,238,1.0
254,53,1.0
332,10,1.0
25,84,1.0
3,283,1.0
92,196,1.0
299,101,1.0
202,166,1.0
119,163,1.0
172,265,1.0
146,339,1.0
303,56,1.0
315,185,1.0
315,246,1.0
231,40,1.0
41,214,1.0
25,40,1.0
322,170,1.0
26,123,1.0
172,13,1.0
142,21,1.0
25,336,1.0
131,143,1.0
323,258,1.0
142,123,1.0
324,331,1.0
202,329,1.0
252,128,1.0
9,134,1.0
122,252,1.0
113,148,1.0
65,118,1.0
322,178,1.0
141,276,1.0
9,142,1.0
277,272,1.0
273,181,1.0
200,25,1.0
346,24,1.0
297,324,1.0
109,285,1.0
105,69,1.0
98,26,1.0
188,21,1.0
25,9,1.0
1,126,1.0
170,26,1.0
113,200,1.0
158,25,1.0
323,322,1.0
122,224,1.0
94,249,1.0
271,211,1.0
276,133,1.0
329,9,1.0
331,30,1.0
110,91,1.0
249,94,1.0
203,239,1.0
203,109,1.0
290,342,1.0
339,246,1.0
73,30,1.0
117,285,1.0
315,136,1.0
167,137,1.0
242,24,1.0
5,316,1.0
23,83,1.0
271,297,1.0
242,254,1.0
217,171,1.0
109,169,1.0
146,285,1.0
180,266,1.0
78,306,1.0
242,132,1.0
277,285,1.0
285,60,1.0
271,59,1.0
30,271,1.0
224,322,1.0
299,330,1.0
162,20,1.0
236,276,1.0
67,3,1.0
326,226,1.0
342,313,1.0
265,342,1.0
122,235,1.0
55,67,1.0
329,320,1.0
51,25,1.0
28,140,1.0
88,336,1.0
273,218,1.0
21,188,1.0
21,280,1.0
87,322,1.0
337,32,1.0
252,272,1.0
113,304,1.0
24,94,1.0
213,324,1.0
40,277,1.0
322,109,1.0
315,285,1.0
341,203,1.0
21,334,1.0
136,322,1.0
181,328,1.0
119,229,1.0
304,113,1.0
40,317,1.0
342,290,1.0
41,226,1.0
98,170,1.0
251,320,1.0
304,332,1.0
271,128,1.0
67,185,1.0
66,9,1.0
30,213,1.0
188,75,1.0
231,106,1.0
172,212,1.0
135,284,1.0
307,40,1.0
56,188,1.0
204,254,1.0
123,318,1.0
161,39,1.0
57,108,1.0
25,285,1.0
146,136,1.0
41,140,1.0
80,346,1.0
101,249,1.0
40,239,1.0
285,119,1.0
133,26,1.0
51,23,1.0
169,128,1.0
281,197,1.0
322,26,1.0
7,31,1.0
49,255,1.0
62,199,1.0
119,9,1.0
274,96,1.0
136,21,1.0
140,312,1.0
285,122,1.0
4,275,1.0
101,346,1.0
239,56,1.0
314,313,1.0
113,121,1.0
176,271,1.0
322,186,1.0
25,39,1.0
203,315,1.0
259,193,1.0
197,21,1.0
140,41,1.0
139,197,1.0
167,337,1.0
345,303,1.0
319,147,1.0
304,168,1.0
172,308,1.0
304,9,1.0
81,286,1.0
120,136,1.0
21,26,1.0
266,204,1.0
226,20,1.0
203,119,1.0
199,82,1.0
225,177,1.0
211,238,1.0
67,10,1.0
122,236,1.0
252,72,1.0
227,225,1.0
252,31,1.0
146,148,1.0
224,25,1.0
56,200,1.0
317,101,1.0
342,203,1.0
315,9,1.0
346,249,1.0
203,104,1.0
148,105,1.0
188,290,1.0
148,82,1.0
322,315,1.0
277,280,1.0
341,62,1.0
9,277,1.0
7,103,1.0
135,184,1.0
122,188,1.0
277,25,1.0
79,252,1.0
196,53,1.0
325,277,1.0
257,39,1.0
332,169,1.0
21,197,1.0
4,218,1.0
133,188,1.0
271,272,1.0
102,263,1.0
53,146,1.0
118,82,1.0
200,31,1.0
199,25,1.0
151,144,1.0
57,346,1.0
211,261,1.0
218,195,1.0
186,26,1.0
252,285,1.0
200,224,1.0
72,9,1.0
7,168,1.0
322,260,1.0
128,122,1.0
272,281,1.0
98,25,1.0
337,93,1.0
291,232,1.0
272,75,1.0
277,50,1.0
84,83,1.0
211,239,1.0
79,25,1.0
258,161,1.0
343,41,1.0
271,325,1.0
324,304,1.0
82,313,1.0
192,205,1.0
122,325,1.0
323,56,1.0
304,66,1.0
285,211,1.0
212,295,1.0
123,82,1.0
26,332,1.0
315,288,1.0
248,122,1.0
94,204,1.0
136,146,1.0
134,21,1.0
242,299,1.0
239,277,1.0
290,188,1.0
328,195,1.0
339,152,1.0
26,158,1.0
342,113,1.0
268,203,1.0
214,115,1.0
7,347,1.0
311,277,1.0
186,123,1.0
239,338,1.0
177,99,1.0
169,113,1.0
93,337,1.0
159,184,1.0
67,313,1.0
109,295,1.0
29,40,1.0
55,261,1.0
56,21,1.0
315,236,1.0
57,184,1.0
122,332,1.0
301,47,1.0
165,39,1.0
185,200,1.0
180,204,1.0
312,343,1.0
98,186,1.0
9,224,1.0
61,23,1.0
254,249,1.0
271,265,1.0
115,220,1.0
133,183,1.0
103,172,1.0
122,304,1.0
98,82,1.0
334,308,1.0
22,168,1.0
190,96,1.0
334,50,1.0
109,271,1.0
252,223,1.0
315,170,1.0
185,56,1.0
26,62,1.0
211,223,1.0
122,271,1.0
14,312,1.0
9,56,1.0
224,133,1.0
268,59,1.0
223,261,1.0
147,6,1.0
275,4,1.0
325,56,1.0
246,213,1.0
285,56,1.0
309,197,1.0
238,199,1.0
272,148,1.0
272,156,1.0
75,188,1.0
75,170,1.0
325,119,1.0
62,122,1.0
168,129,1.0
158,67,1.0
170,67,1.0
108,272,1.0
93,137,1.0
254,299,1.0
55,122,1.0
277,304,1.0
9,148,1.0
320,36,1.0
180,254,1.0
94,299,1.0
272,258,1.0
271,9,1.0
172,329,1.0
274,323,1.0
115,192,1.0
172,26,1.0
246,322,1.0
295,109,1.0
184,320,1.0
252,56,1.0
69,9,1.0
137,17,1.0
322,199,1.0
5,213,1.0
82,325,1.0
98,119,1.0
87,339,1.0
277,294,1.0
200,325,1.0
149,343,1.0
137,93,1.0
332,271,1.0
289,214,1.0
252,59,1.0
118,252,1.0
48,119,1.0
122,21,1.0
188,252,1.0
285,342,1.0
245,259,1.0
195,273,1.0
141,239,1.0
224,271,1.0
193,259,1.0
224,26,1.0
25,31,1.0
40,265,1.0
55,26,1.0
231,332,1.0
85,274,1.0
271,315,1.0
239,200,1.0
165,334,1.0
319,6,1.0
322,188,1.0
200,165,1.0
158,325,1.0
103,252,1.0
118,161,1.0
302,242,1.0
329,178,1.0
199,67,1.0
315,339,1.0
67,223,1.0
26,297,1.0
25,271,1.0
239,13,1.0
322,280,1.0
261,82,1.0
28,115,1.0
98,118,1.0
271,113,1.0
266,194,1.0
67,239,1.0
10,291,1.0
113,9,1.0
304,252,1.0
272,25,1.0
178,206,1.0
222,238,1.0
322,232,1.0
103,200,1.0
239,199,1.0
304,211,1.0
21,40,1.0
19,289,1.0
186,252,1.0
41,28,1.0
213,332,1.0
172,332,1.0
188,274,1.0
284,329,1.0
227,263,1.0
285,261,1.0
187,94,1.0
21,159,1.0
73,25,1.0
200,104,1.0
325,342,1.0
104,128,1.0
119,277,1.0
213,277,1.0
314,161,1.0
214,333,1.0
232,280,1.0
121,169,1.0
342,271,1.0
331,186,1.0
252,104,1.0
122,169,1.0
325,25,1.0
239,344,1.0
62,322,1.0
84,265,1.0
67,56,1.0
302,204,1.0
25,105,1.0
225,175,1.0
238,134,1.0
26,170,1.0
304,277,1.0
82,67,1.0
237,23,1.0
21,13,1.0
242,322,1.0
226,144,1.0
342,188,1.0
246,308,1.0
200,324,1.0
298,56,1.0
121,236,1.0
119,239,1.0
31,109,1.0
19,112,1.0
302,187,1.0
319,219,1.0
239,176,1.0
67,169,1.0
263,102,1.0
192,52,1.0
258,295,1.0
238,261,1.0
39,105,1.0
212,56,1.0
203,26,1.0
75,272,1.0
329,280,1.0
113,98,1.0
272,98,1.0
236,213,1.0
313,56,1.0
291,199,1.0
223,67,1.0
40,272,1.0
4,328,1.0
131,177,1.0
169,257,1.0
67,236,1.0
170,322,1.0
188,142,1.0
136,87,1.0
20,149,1.0
119,297,1.0
340,324,1.0
151,310,1.0
188,224,1.0
47,301,1.0
228,3,1.0
58,107,1.0
142,40,1.0
237,25,1.0
127,320,1.0
142,308,1.0
187,80,1.0
245,91,1.0
204,101,1.0
304,7,1.0
65,25,1.0
62,318,1.0
346,302,1.0
345,252,1.0
304,134,1.0
313,325,1.0
232,199,1.0
147,219,1.0
21,104,1.0
55,186,1.0
67,308,1.0
13,271,1.0
63,56,1.0
95,147,1.0
127,309,1.0
40,77,1.0
188,3,1.0
21,98,1.0
236,21,1.0
221,56,1.0
21,251,1.0
330,196,1.0
304,200,1.0
271,13,1.0
180,5,1.0
40,212,1.0
284,320,1.0
113,165,1.0
312,214,1.0
252,119,1.0
118,271,1.0
235,122,1.0
25,224,1.0
322,239,1.0
59,98,1.0
52,192,1.0
264,259,1.0
285,109,1.0
172,16,1.0
100,64,1.0
21,122,1.0
106,238,1.0
222,325,1.0
318,236,1.0
132,40,1.0
67,324,1.0
75,274,1.0
40,21,1.0
323,290,1.0
126,73,1.0
200,239,1.0
123,142,1.0
26,239,1.0
322,142,1.0
312,20,1.0
213,30,1.0
162,312,1.0
170,21,1.0
66,239,1.0
239,170,1.0
59,211,1.0
136,213,1.0
61,193,1.0
204,277,1.0
98,258,1.0
217,324,1.0
2,149,1.0
291,129,1.0
280,271,1.0
199,252,1.0
160,260,1.0
272,239,1.0
128,334,1.0
331,119,1.0
315,271,1.0
26,133,1.0
80,249,1.0
186,303,1.0
169,121,1.0
223,188,1.0
278,175,1.0
285,10,1.0
130,62,1.0
109,314,1.0
243,337,1.0
276,232,1.0
196,204,1.0
88,56,1.0
231,213,1.0
71,230,1.0
122,186,1.0
161,314,1.0
165,342,1.0
16,82,1.0
252,98,1.0
94,266,1.0
84,25,1.0
342,199,1.0
161,122,1.0
325,67,1.0
324,315,1.0
266,187,1.0
17,19,1.0
20,326,1.0
122,26,1.0
169,239,1.0
277,10,1.0
200,79,1.0
291,56,1.0
271,26,1.0
21,322,1.0
170,25,1.0
296,263,1.0
130,191,1.0
299,242,1.0
20,111,1.0
67,248,1.0
345,261,1.0
109,304,1.0
311,132,1.0
263,296,1.0
213,322,1.0
23,99,1.0
313,13,1.0
6,219,1.0
128,172,1.0
236,322,1.0
298,72,1.0
25,56,1.0
304,40,1.0
346,242,1.0
199,314,1.0
25,122,1.0
83,84,1.0
67,285,1.0
289,19,1.0
30,188,1.0
121,280,1.0
133,280,1.0
80,213,1.0
172,304,1.0
277,200,1.0
346,80,1.0
16,118,1.0
119,100,1.0
252,142,1.0
347,304,1.0
25,331,1.0
320,94,1.0
99,131,1.0
159,272,1.0
23,51,1.0
299,53,1.0
45,186,1.0
227,278,1.0
146,317,1.0
249,330,1.0
212,72,1.0
332,56,1.0
200,118,1.0
139,284,1.0
274,3,1.0
9,329,1.0
19,343,1.0
116,343,1.0
25,239,1.0
333,226,1.0
26,185,1.0
92,266,1.0
334,67,1.0
226,149,1.0
99,227,1.0
246,340,1.0
59,82,1.0
130,213,1.0
334,40,1.0
199,298,1.0
132,334,1.0
245,23,1.0
94,242,1.0
62,98,1.0
188,113,1.0
28,41,1.0
201,91,1.0
306,78,1.0
113,50,1.0
67,45,1.0
142,62,1.0
285,98,1.0
56,303,1.0
150,100,1.0
239,213,1.0
119,64,1.0
261,238,1.0
135,320,1.0
84,304,1.0
109,122,1.0
277,315,1.0
252,67,1.0
313,211,1.0
181,78,1.0
13,21,1.0
277,132,1.0
21,323,1.0
121,21,1.0
265,84,1.0
231,29,1.0
203,172,1.0
185,285,1.0
142,332,1.0
304,199,1.0
184,127,1.0
109,50,1.0
249,242,1.0
315,231,1.0
332,48,1.0
4,273,1.0
65,297,1.0
182,253,1.0
252,271,1.0
312,162,1.0
266,24,1.0
194,94,1.0
36,281,1.0
28,116,1.0
299,73,1.0
277,311,1.0
322,277,1.0
272,127,1.0
197,329,1.0
213,204,1.0
313,113,1.0
323,280,1.0
257,40,1.0
258,40,1.0
89,327,1.0
121,69,1.0
261,224,1.0
87,308,1.0
39,165,1.0
139,127,1.0
305,312,1.0
280,257,1.0
320,57,1.0
332,172,1.0
108,57,1.0
322,38,1.0
62,261,1.0
116,214,1.0
88,126,1.0
163,119,1.0
313,314,1.0
315,67,1.0
14,149,1.0
199,324,1.0
252,169,1.0
135,251,1.0
204,330,1.0
40,307,1.0
329,202,1.0
66,142,1.0
113,291,1.0
191,130,1.0
256,233,1.0
322,126,1.0
186,325,1.0
128,150,1.0
304,347,1.0
333,214,1.0
308,334,1.0
252,172,1.0
28,14,1.0
318,169,1.0
38,117,1.0
80,173,1.0
21,31,1.0
25,270,1.0
25,21,1.0
322,87,1.0
285,142,1.0
141,271,1.0
134,113,1.0
173,80,1.0
329,54,1.0
285,345,1.0
29,172,1.0
103,323,1.0
272,122,1.0
72,67,1.0
57,242,1.0
194,24,1.0
236,315,1.0
230,253,1.0
199,231,1.0
252,345,1.0
95,6,1.0
116,226,1.0
82,98,1.0
162,116,1.0
323,271,1.0
297,261,1.0
9,169,1.0
239,113,1.0
323,170,1.0
136,125,1.0
341,170,1.0
161,304,1.0
72,172,1.0
84,276,1.0
9,315,1.0
118,67,1.0
67,113,1.0
54,53,1.0
304,141,1.0
159,108,1.0
99,177,1.0
280,21,1.0
213,249,1.0
203,142,1.0
170,313,1.0
13,56,1.0
109,148,1.0
258,85,1.0
285,232,1.0
277,119,1.0
320,329,1.0
322,285,1.0
31,252,1.0
344,311,1.0
313,39,1.0
53,130,1.0
170,203,1.0
94,25,1.0
330,48,1.0
303,142,1.0
323,9,1.0
173,34,1.0
276,62,1.0
62,341,1.0
26,13,1.0
137,32,1.0
98,291,1.0
268,271,1.0
345,315,1.0
304,69,1.0
226,115,1.0
180,94,1.0
151,312,1.0
175,225,1.0
325,113,1.0
343,333,1.0
296,227,1.0
54,119,1.0
109,13,1.0
122,277,1.0
71,307,1.0
123,104,1.0
329,315,1.0
141,38,1.0
104,344,1.0
67,170,1.0
281,127,1.0
99,143,1.0
99,175,1.0
156,5,1.0
291,60,1.0
142,113,1.0
10,285,1.0
148,9,1.0
117,280,1.0
137,289,1.0
169,291,1.0
172,113,1.0
23,240,1.0
343,326,1.0
320,251,1.0
214,17,1.0
129,339,1.0
291,315,1.0
117,38,1.0
314,271,1.0
92,299,1.0
98,67,1.0
122,5,1.0
122,176,1.0
116,41,1.0
291,248,1.0
291,141,1.0
214,289,1.0
281,36,1.0
21,123,1.0
261,148,1.0
6,319,1.0
291,208,1.0
271,290,1.0
100,119,1.0
185,9,1.0
16,329,1.0
185,67,1.0
118,134,1.0
346,57,1.0
223,13,1.0
60,322,1.0
297,119,1.0
118,109,1.0
30,224,1.0
224,236,1.0
261,13,1.0
203,223,1.0
175,68,1.0
28,149,1.0
313,82,1.0
194,187,1.0
119,113,1.0
79,271,1.0
239,188,1.0
188,297,1.0
118,322,1.0
168,158,1.0
271,224,1.0
108,127,1.0
40,203,1.0
212,26,1.0
252,250,1.0
284,139,1.0
29,203,1.0
101,254,1.0
21,248,1.0
196,254,1.0
25,69,1.0
290,185,1.0
232,26,1.0
128,186,1.0
213,224,1.0
252,9,1.0
248,158,1.0
9,186,1.0
277,109,1.0
283,228,1.0
180,101,1.0
322,207,1.0
105,39,1.0
158,132,1.0
249,196,1.0
200,334,1.0
103,185,1.0
236,141,1.0
102,227,1.0
211,59,1.0
326,41,1.0
25,185,1.0
148,146,1.0
271,148,1.0
16,29,1.0
106,329,1.0
115,144,1.0
104,45,1.0
268,211,1.0
56,170,1.0
252,21,1.0
56,186,1.0
115,17,1.0
224,96,1.0
297,272,1.0
323,239,1.0
169,280,1.0
271,169,1.0
271,291,1.0
304,84,1.0
20,214,1.0
172,56,1.0
331,265,1.0
122,345,1.0
332,26,1.0
92,254,1.0
48,332,1.0
273,275,1.0
273,306,1.0
13,265,1.0
252,212,1.0
345,45,1.0
9,141,1.0
254,94,1.0
122,113,1.0
320,139,1.0
213,285,1.0
139,184,1.0
271,103,1.0
211,304,1.0
278,131,1.0
128,211,1.0
214,230,1.0
46,278,1.0
56,325,1.0
239,59,1.0
249,92,1.0
252,261,1.0
236,314,1.0
199,322,1.0
157,155,1.0
167,243,1.0
26,313,1.0
329,324,1.0
82,29,1.0
98,62,1.0
56,109,1.0
122,297,1.0
339,260,1.0
78,181,1.0
141,56,1.0
72,199,1.0
291,98,1.0
31,142,1.0
82,119,1.0
322,304,1.0
252,324,1.0
186,98,1.0
239,280,1.0
172,325,1.0
123,239,1.0
252,280,1.0
1,346,1.0
271,223,1.0
122,156,1.0
25,67,1.0
48,271,1.0
31,280,1.0
23,230,1.0
26,257,1.0
322,40,1.0
130,346,1.0
312,140,1.0
208,277,1.0
223,265,1.0
159,21,1.0
116,2,1.0
238,13,1.0
39,161,1.0
227,99,1.0
136,246,1.0
38,178,1.0
109,31,1.0
225,278,1.0
318,62,1.0
25,103,1.0
7,291,1.0
291,26,1.0
161,67,1.0
141,236,1.0
248,128,1.0
21,325,1.0
197,309,1.0
231,82,1.0
169,67,1.0
72,25,1.0
310,243,1.0
22,324,1.0
223,128,1.0
272,320,1.0
67,31,1.0
2,115,1.0
55,252,1.0
105,280,1.0
77,294,1.0
132,56,1.0
84,313,1.0
171,64,1.0
308,203,1.0
79,119,1.0
40,257,1.0
142,186,1.0
143,35,1.0
105,119,1.0
200,232,1.0
276,239,1.0
332,323,1.0
101,317,1.0
68,99,1.0
176,85,1.0
128,169,1.0
222,82,1.0
142,280,1.0
200,274,1.0
219,89,1.0
252,277,1.0
324,277,1.0
261,265,1.0
62,141,1.0
161,213,1.0
122,62,1.0
172,40,1.0
257,258,1.0
303,178,1.0
322,341,1.0
93,32,1.0
203,134,1.0
104,55,1.0
343,226,1.0
342,322,1.0
322,185,1.0
342,238,1.0
303,30,1.0
25,221,1.0
134,9,1.0
203,113,1.0
323,277,1.0
22,185,1.0
53,315,1.0
232,25,1.0
113,252,1.0
41,44,1.0
23,237,1.0
142,315,1.0
75,322,1.0
236,252,1.0
323,297,1.0
338,239,1.0
331,172,1.0
200,248,1.0
17,312,1.0
339,322,1.0
13,26,1.0
101,92,1.0
41,337,1.0
67,66,1.0
13,304,1.0
271,318,1.0
54,48,1.0
17,137,1.0
104,98,1.0
243,310,1.0
67,315,1.0
134,142,1.0
50,109,1.0
31,7,1.0
239,272,1.0
26,280,1.0
75,85,1.0
236,67,1.0
188,271,1.0
56,331,1.0
277,239,1.0
156,258,1.0
188,176,1.0
146,119,1.0
92,330,1.0
261,119,1.0
219,147,1.0
213,242,1.0
7,340,1.0
163,249,1.0
51,84,1.0
155,23,1.0
299,80,1.0
104,109,1.0
82,123,1.0
326,312,1.0
277,142,1.0
85,258,1.0
261,285,1.0
197,281,1.0
271,323,1.0
248,265,1.0
133,224,1.0
309,251,1.0
109,98,1.0
158,109,1.0
88,242,1.0
26,119,1.0
271,48,1.0
24,242,1.0
122,104,1.0
119,342,1.0
226,333,1.0
100,189,1.0
332,77,1.0
332,224,1.0
298,172,1.0
280,169,1.0
225,143,1.0
272,72,1.0
142,200,1.0
242,330,1.0
9,75,1.0
106,332,1.0
229,190,1.0
88,236,1.0
66,252,1.0
232,239,1.0
115,214,1.0
320,346,1.0
224,30,1.0
32,137,1.0
243,137,1.0
25,236,1.0
252,55,1.0
170,334,1.0
329,30,1.0
181,273,1.0
56,232,1.0
2,116,1.0
322,303,1.0
223,56,1.0
332,40,1.0
101,24,1.0
79,272,1.0
266,92,1.0
35,143,1.0
199,288,1.0
246,304,1.0
172,159,1.0
222,240,1.0
149,333,1.0
346,180,1.0
221,45,1.0
308,329,1.0
334,142,1.0
10,277,1.0
60,56,1.0
170,211,1.0
315,277,1.0
336,88,1.0
204,302,1.0
9,30,1.0
21,297,1.0
13,109,1.0
62,26,1.0
48,299,1.0
278,99,1.0
320,309,1.0
132,72,1.0
238,324,1.0
104,271,1.0
196,180,1.0
133,322,1.0
163,100,1.0
53,194,1.0
316,5,1.0
249,80,1.0
322,213,1.0
96,314,1.0
119,146,1.0
280,277,1.0
82,238,1.0
32,337,1.0
315,87,1.0
7,339,1.0
149,144,1.0
122,315,1.0
166,173,1.0
39,200,1.0
260,53,1.0
136,285,1.0
213,136,1.0
223,21,1.0
280,322,1.0
175,102,1.0
291,113,1.0
220,312,1.0
223,252,1.0
203,322,1.0
328,181,1.0
277,113,1.0
277,9,1.0
5,158,1.0
312,19,1.0
98,56,1.0
232,72,1.0
200,203,1.0
213,340,1.0
346,330,1.0
261,59,1.0
325,238,1.0
242,346,1.0
38,322,1.0
280,3,1.0
276,56,1.0
142,252,1.0
65,7,1.0
26,172,1.0
271,342,1.0
339,65,1.0
333,20,1.0
308,304,1.0
185,79,1.0
324,200,1.0
150,324,1.0
199,223,1.0
31,67,1.0
199,62,1.0
53,94,1.0
339,315,1.0
41,310,1.0
29,106,1.0
236,1,1.0
347,7,1.0
252,297,1.0
79,9,1.0
232,172,1.0
56,265,1.0
122,322,1.0
172,128,1.0
159,284,1.0
44,41,1.0
331,332,1.0
133,315,1.0
285,67,1.0
278,177,1.0
258,272,1.0
265,118,1.0
285,272,1.0
170,223,1.0
95,327,1.0
324,297,1.0
200,236,1.0
314,261,1.0
285,113,1.0
268,170,1.0
118,16,1.0
337,137,1.0
251,122,1.0
297,122,1.0
258,323,1.0
137,326,1.0
22,308,1.0
3,9,1.0
148,13,1.0
53,248,1.0
21,109,1.0
261,342,1.0
229,148,1.0
169,25,1.0
26,285,1.0
10,200,1.0
290,277,1.0
134,334,1.0
1,73,1.0
276,224,1.0
312,151,1.0
107,171,1.0
41,343,1.0
26,223,1.0
144,115,1.0
59,172,1.0
214,111,1.0
170,188,1.0
21,252,1.0
277,248,1.0
158,248,1.0
175,23,1.0
330,302,1.0
200,103,1.0
72,212,1.0
277,172,1.0
103,211,1.0
188,272,1.0
285,25,1.0
7,87,1.0
345,142,1.0
98,342,1.0
9,272,1.0
291,231,1.0
291,168,1.0
224,315,1.0
223,313,1.0
339,291,1.0
213,80,1.0
242,94,1.0
314,109,1.0
87,5,1.0
331,50,1.0
119,132,1.0
58,171,1.0
111,93,1.0
113,40,1.0
218,4,1.0
14,214,1.0
72,329,1.0
172,223,1.0
213,130,1.0
300,80,1.0
142,236,1.0
277,342,1.0
124,157,1.0
109,332,1.0
342,252,1.0
272,184,1.0
14,326,1.0
140,144,1.0
271,82,1.0
297,236,1.0
343,312,1.0
142,169,1.0
48,199,1.0
271,109,1.0
200,21,1.0
239,72,1.0
321,143,1.0
56,118,1.0
104,212,1.0
26,295,1.0
98,238,1.0
184,284,1.0
41,111,1.0
213,178,1.0
64,100,1.0
119,79,1.0
204,194,1.0
144,149,1.0
299,302,1.0
231,280,1.0
62,224,1.0
239,271,1.0
259,245,1.0
332,142,1.0
40,113,1.0
236,26,1.0
131,225,1.0
320,281,1.0
212,104,1.0
208,285,1.0
146,53,1.0
151,28,1.0
277,290,1.0
82,252,1.0
203,128,1.0
67,40,1.0
26,134,1.0
119,203,1.0
251,309,1.0
339,146,1.0
334,170,1.0
340,246,1.0
98,199,1.0
31,21,1.0
323,315,1.0
53,302,1.0
98,313,1.0
25,288,1.0
203,304,1.0
123,55,1.0
200,322,1.0
261,62,1.0
56,213,1.0
304,188,1.0
19,319,1.0
211,313,1.0
203,48,1.0
193,91,1.0
127,184,1.0
9,161,1.0
306,273,1.0
56,82,1.0
25,325,1.0
65,252,1.0
329,204,1.0
2,326,1.0
319,19,1.0
323,200,1.0
29,82,1.0
271,238,1.0
24,92,1.0
113,122,1.0
23,155,1.0
9,297,1.0
206,260,1.0
109,277,1.0
280,153,1.0
275,152,1.0
296,68,1.0
101,180,1.0
291,277,1.0
272,188,1.0
227,19,1.0
259,91,1.0
238,271,1.0
117,77,1.0
333,162,1.0
334,229,1.0
208,332,1.0
224,188,1.0
104,277,1.0
315,5,1.0
122,9,1.0
119,105,1.0
113,285,1.0
14,41,1.0
9,133,1.0
252,161,1.0
315,169,1.0
41,312,1.0
323,10,1.0
9,185,1.0
303,88,1.0
203,324,1.0
260,206,1.0
109,239,1.0
23,124,1.0
119,200,1.0
322,342,1.0
269,329,1.0
277,31,1.0
78,195,1.0
211,271,1.0
194,1,1.0
306,218,1.0
238,172,1.0
98,123,1.0
342,223,1.0
40,322,1.0
306,328,1.0
230,97,1.0
67,118,1.0
342,122,1.0
265,172,1.0
73,88,1.0
199,48,1.0
263,99,1.0
104,239,1.0
178,186,1.0
180,53,1.0
26,109,1.0
345,322,1.0
347,22,1.0
271,212,1.0
231,77,1.0
26,72,1.0
187,194,1.0
332,277,1.0
183,133,1.0
135,127,1.0
171,217,1.0
313,223,1.0
162,333,1.0
122,66,1.0
96,323,1.0
188,258,1.0
330,346,1.0
309,36,1.0
280,9,1.0
195,78,1.0
7,246,1.0
25,98,1.0
248,236,1.0
76,25,1.0
119,25,1.0
265,261,1.0
315,122,1.0
32,93,1.0
283,25,1.0
260,322,1.0
231,291,1.0
332,53,1.0
179,90,1.0
239,118,1.0
236,25,1.0
36,127,1.0
158,332,1.0
285,26,1.0
5,235,1.0
134,238,1.0
323,21,1.0
303,186,1.0
175,143,1.0
343,214,1.0
252,304,1.0
72,132,1.0
122,98,1.0
317,53,1.0
315,252,1.0
205,192,1.0
313,84,1.0
308,67,1.0
203,199,1.0
312,41,1.0
113,188,1.0
1,236,1.0
272,280,1.0
346,254,1.0
238,106,1.0
277,323,1.0
283,118,1.0
272,329,1.0
271,268,1.0
80,94,1.0
192,115,1.0
21,315,1.0
196,285,1.0
272,291,1.0
217,150,1.0
92,302,1.0
334,128,1.0
31,25,1.0
161,203,1.0
105,25,1.0
236,133,1.0
86,175,1.0
67,161,1.0
16,331,1.0
277,168,1.0
14,343,1.0
312,2,1.0
26,169,1.0
121,315,1.0
91,264,1.0
175,177,1.0
119,21,1.0
141,9,1.0
31,122,1.0
322,297,1.0
280,119,1.0
295,156,1.0
334,56,1.0
318,334,1.0
203,55,1.0
188,322,1.0
27,324,1.0
69,236,1.0
337,167,1.0
25,257,1.0
334,123,1.0
25,203,1.0
318,104,1.0
80,242,1.0
315,53,1.0
29,247,1.0
82,211,1.0
280,117,1.0
188,200,1.0
273,195,1.0
231,329,1.0
224,304,1.0
119,148,1.0
277,118,1.0
122,45,1.0
322,236,1.0
86,177,1.0
332,304,1.0
21,200,1.0
203,277,1.0
323,75,1.0
280,329,1.0
199,232,1.0
40,26,1.0
142,3,1.0
89,19,1.0
17,144,1.0
21,66,1.0
172,298,1.0
2,343,1.0
276,141,1.0
311,344,1.0
239,304,1.0
214,312,1.0
25,113,1.0
325,261,1.0
297,109,1.0
119,56,1.0
236,200,1.0
344,122,1.0
31,304,1.0
200,185,1.0
19,227,1.0
200,186,1.0
13,59,1.0
254,242,1.0
180,346,1.0
98,276,1.0
213,303,1.0
258,75,1.0
272,178,1.0
83,51,1.0
280,31,1.0
9,200,1.0
277,322,1.0
240,222,1.0
170,186,1.0
66,304,1.0
315,94,1.0
111,326,1.0
288,199,1.0
318,82,1.0
56,261,1.0
214,343,1.0
40,325,1.0
315,199,1.0
272,197,1.0
275,328,1.0
332,106,1.0
280,232,1.0
62,130,1.0
121,82,1.0
187,249,1.0
223,26,1.0
118,98,1.0
242,213,1.0
298,26,1.0
213,239,1.0
284,122,1.0
158,5,1.0
7,304,1.0
80,315,1.0
48,322,1.0
39,25,1.0
20,14,1.0
156,85,1.0
319,95,1.0
238,313,1.0
142,10,1.0
30,304,1.0
3,274,1.0
23,144,1.0
334,318,1.0
132,317,1.0
123,261,1.0
40,132,1.0
212,271,1.0
223,325,1.0
25,73,1.0
40,172,1.0
24,80,1.0
322,169,1.0
91,201,1.0
304,136,1.0
62,56,1.0
31,84,1.0
46,143,1.0
141,323,1.0
239,231,1.0
232,322,1.0
188,341,1.0
141,258,1.0
248,291,1.0
170,277,1.0
40,67,1.0
319,327,1.0
315,21,1.0
224,324,1.0
211,170,1.0
277,122,1.0
272,141,1.0
170,55,1.0
303,239,1.0
213,7,1.0
1,322,1.0
27,329,1.0
7,308,1.0
56,134,1.0
137,310,1.0
272,79,1.0
38,339,1.0
185,148,1.0
128,315,1.0
25,130,1.0
315,188,1.0
194,299,1.0
55,123,1.0
7,129,1.0
66,26,1.0
345,178,1.0
197,159,1.0
312,116,1.0
170,85,1.0
345,213,1.0
252,334,1.0
323,109,1.0
94,302,1.0
272,257,1.0
21,232,1.0
16,172,1.0
9,21,1.0
56,323,1.0
216,243,1.0
308,161,1.0
274,85,1.0
277,104,1.0
72,239,1.0
190,229,1.0
322,7,1.0
26,67,1.0
123,122,1.0
300,320,1.0
133,9,1.0
75,258,1.0
21,108,1.0
149,312,1.0
203,122,1.0
213,231,1.0
194,302,1.0
180,92,1.0
128,119,1.0
224,62,1.0
96,62,1.0
311,248,1.0
242,302,1.0
249,204,1.0
265,211,1.0
169,248,1.0
313,339,1.0
69,121,1.0
158,317,1.0
278,143,1.0
130,277,1.0
199,161,1.0
21,161,1.0
238,325,1.0
9,285,1.0
187,180,1.0
342,325,1.0
57,302,1.0
9,291,1.0
177,46,1.0
88,53,1.0
261,252,1.0
98,211,1.0
320,284,1.0
25,237,1.0
67,199,1.0
218,306,1.0
298,212,1.0
172,59,1.0
309,284,1.0
80,204,1.0
280,133,1.0
59,13,1.0
169,82,1.0
152,339,1.0
167,310,1.0
262,312,1.0
322,133,1.0
277,169,1.0
239,285,1.0
119,67,1.0
277,13,1.0
56,285,1.0
111,44,1.0
67,342,1.0
145,179,1.0
227,175,1.0
188,185,1.0
21,345,1.0
239,303,1.0
77,231,1.0
315,40,1.0
133,1,1.0
69,39,1.0
237,83,1.0
56,98,1.0
65,13,1.0
323,186,1.0
116,162,1.0
178,272,1.0
26,113,1.0
144,140,1.0
139,159,1.0
188,334,1.0
275,306,1.0
278,227,1.0
29,211,1.0
339,7,1.0
9,122,1.0
297,271,1.0
261,199,1.0
265,248,1.0
277,56,1.0
86,227,1.0
82,222,1.0
65,203,1.0
128,223,1.0
231,56,1.0
271,280,1.0
25,26,1.0
133,232,1.0
277,40,1.0
280,185,1.0
67,156,1.0
148,98,1.0
274,170,1.0
38,7,1.0
188,79,1.0
214,140,1.0
325,82,1.0
276,322,1.0
326,2,1.0
116,17,1.0
65,339,1.0
39,69,1.0
346,299,1.0
26,224,1.0
104,332,1.0
187,5,1.0
322,200,1.0
271,122,1.0
339,347,1.0
324,340,1.0
141,272,1.0
251,139,1.0
128,67,1.0
185,188,1.0
177,143,1.0
60,158,1.0
280,39,1.0
324,203,1.0
80,101,1.0
186,272,1.0
261,318,1.0
26,325,1.0
93,41,1.0
219,6,1.0
118,222,1.0
323,25,1.0
238,252,1.0
339,103,1.0
25,79,1.0
187,242,1.0
113,158,1.0
266,180,1.0
48,302,1.0
318,271,1.0
184,309,1.0
113,56,1.0
45,322,1.0
109,297,1.0
56,207,1.0
341,323,1.0
119,27,1.0
78,4,1.0
323,274,1.0
325,203,1.0
281,139,1.0
329,231,1.0
271,72,1.0
63,261,1.0
346,94,1.0
26,322,1.0
121,113,1.0
172,268,1.0
201,8,1.0
177,86,1.0
21,304,1.0
87,7,1.0
254,196,1.0
48,1,1.0
67,98,1.0
57,320,1.0
78,328,1.0
224,40,1.0
83,237,1.0
118,238,1.0
257,130,1.0
313,128,1.0
276,84,1.0
119,339,1.0
156,9,1.0
67,261,1.0
104,295,1.0
200,10,1.0
306,195,1.0
169,322,1.0
56,13,1.0
263,227,1.0
268,261,1.0
149,116,1.0
170,341,1.0
175,227,1.0
169,103,1.0
121,39,1.0
140,115,1.0
295,258,1.0
325,311,1.0
144,312,1.0
66,113,1.0
277,21,1.0
332,21,1.0
142,67,1.0
113,186,1.0
102,175,1.0
332,285,1.0
67,158,1.0
329,172,1.0
21,39,1.0
118,313,1.0
265,13,1.0
187,299,1.0
119,98,1.0
277,134,1.0
22,347,1.0
313,67,1.0
186,113,1.0
199,211,1.0
82,84,1.0
277,203,1.0
141,133,1.0
56,63,1.0
119,329,1.0
258,156,1.0
284,309,1.0
271,313,1.0
257,322,1.0
230,41,1.0
197,184,1.0
19,41,1.0
257,141,1.0
99,225,1.0
213,5,1.0
346,266,1.0
116,115,1.0
6,95,1.0
88,130,1.0
108,251,1.0
222,186,1.0
189,171,1.0
212,21,1.0
308,252,1.0
101,242,1.0
128,199,1.0
67,79,1.0
170,9,1.0
21,186,1.0
337,243,1.0
298,232,1.0
168,277,1.0
342,9,1.0
22,158,1.0
272,105,1.0
258,98,1.0
200,119,1.0
82,16,1.0
173,166,1.0
109,323,1.0
151,14,1.0
143,99,1.0
199,141,1.0
170,98,1.0
1,54,1.0
39,277,1.0
280,40,1.0
221,186,1.0
334,134,1.0
277,130,1.0
136,315,1.0
315,7,1.0
304,236,1.0
5,169,1.0
20,343,1.0
67,334,1.0
105,148,1.0
25,322,1.0
9,295,1.0
122,276,1.0
306,181,1.0
264,110,1.0
158,322,1.0
252,238,1.0
53,88,1.0
188,122,1.0
259,264,1.0
254,92,1.0
128,56,1.0
213,67,1.0
304,118,1.0
213,236,1.0
7,315,1.0
213,291,1.0
136,324,1.0
184,197,1.0
39,313,1.0
10,67,1.0
331,73,1.0
184,251,1.0
124,23,1.0
271,161,1.0
21,25,1.0
186,223,1.0
258,291,1.0
169,109,1.0
326,115,1.0
78,275,1.0
38,332,1.0
82,318,1.0
128,203,1.0
325,271,1.0
252,313,1.0
315,304,1.0
40,56,1.0
329,284,1.0
94,101,1.0
200,332,1.0
261,55,1.0
247,120,1.0
203,271,1.0
302,92,1.0
266,346,1.0
25,83,1.0
200,40,1.0
329,40,1.0
197,135,1.0
253,230,1.0
150,217,1.0
150,119,1.0
323,308,1.0
236,318,1.0
136,103,1.0
140,116,1.0
332,280,1.0
85,272,1.0
280,200,1.0
249,163,1.0
168,339,1.0
9,232,1.0
181,4,1.0
285,239,1.0
9,25,1.0
26,104,1.0
180,249,1.0
217,100,1.0
180,302,1.0
17,214,1.0
220,262,1.0
327,319,1.0
104,252,1.0
169,165,1.0
271,186,1.0
185,170,1.0
137,337,1.0
291,9,1.0
242,187,1.0
180,299,1.0
199,342,1.0
306,4,1.0
123,21,1.0
242,88,1.0
169,10,1.0
271,85,1.0
322,221,1.0
191,53,1.0
290,271,1.0
272,252,1.0
315,224,1.0
193,8,1.0
56,25,1.0
343,14,1.0
158,291,1.0
212,298,1.0
56,315,1.0
329,72,1.0
325,313,1.0
317,146,1.0
251,127,1.0
194,53,1.0
302,101,1.0
294,77,1.0
328,273,1.0
19,89,1.0
346,187,1.0
122,213,1.0
122,119,1.0
308,322,1.0
337,310,1.0
315,142,1.0
87,22,1.0
211,265,1.0
134,199,1.0
122,109,1.0
134,248,1.0
186,122,1.0
266,94,1.0
85,9,1.0
188,280,1.0
291,329,1.0
326,144,1.0
225,68,1.0
285,252,1.0
13,119,1.0
343,162,1.0
313,238,1.0
323,248,1.0
50,148,1.0
200,223,1.0
48,53,1.0
122,232,1.0
142,26,1.0
271,200,1.0
231,239,1.0
3,323,1.0
92,53,1.0
323,100,1.0
72,298,1.0
323,67,1.0
107,58,1.0
127,159,1.0
13,211,1.0
290,67,1.0
79,200,1.0
26,186,1.0
57,204,1.0
295,257,1.0
82,203,1.0
39,280,1.0
281,184,1.0
118,59,1.0
56,172,1.0
93,111,1.0
178,329,1.0
213,308,1.0
272,56,1.0
82,268,1.0
250,322,1.0
223,211,1.0
17,115,1.0
129,347,1.0
40,25,1.0
39,119,1.0
14,310,1.0
176,148,1.0
273,4,1.0
203,40,1.0
148,261,1.0
48,30,1.0
41,93,1.0
252,188,1.0
142,45,1.0
281,309,1.0
115,149,1.0
56,341,1.0
79,185,1.0
133,276,1.0
232,122,1.0
113,334,1.0
127,346,1.0
13,199,1.0
62,133,1.0
277,204,1.0
211,268,1.0
326,137,1.0
239,104,1.0
8,193,1.0
175,296,1.0
45,303,1.0
80,180,1.0
261,172,1.0
56,223,1.0
246,136,1.0
188,223,1.0
238,98,1.0
239,98,1.0
200,72,1.0
271,98,1.0
148,271,1.0
260,339,1.0
118,265,1.0
203,98,1.0
347,339,1.0
158,168,1.0
9,341,1.0
188,156,1.0
122,67,1.0
304,341,1.0
188,85,1.0
231,199,1.0
271,67,1.0
176,119,1.0
26,25,1.0
53,92,1.0
330,254,1.0
232,291,1.0
14,115,1.0
299,300,1.0
70,230,1.0
272,67,1.0
170,75,1.0
25,170,1.0
326,111,1.0
24,57,1.0
302,180,1.0
170,323,1.0
223,62,1.0
254,266,1.0
123,252,1.0
10,323,1.0
271,118,1.0
257,304,1.0
326,140,1.0
274,200,1.0
92,101,1.0
271,298,1.0
148,185,1.0
280,323,1.0
26,323,1.0
291,271,1.0
250,170,1.0
55,104,1.0
326,14,1.0
308,66,1.0
184,272,1.0
116,326,1.0
156,235,1.0
92,249,1.0
325,118,1.0
9,69,1.0
13,332,1.0
116,28,1.0
21,284,1.0
200,62,1.0
238,118,1.0
186,331,1.0
331,82,1.0
41,19,1.0
13,65,1.0
332,170,1.0
199,271,1.0
9,271,1.0
186,271,1.0
252,239,1.0
284,127,1.0
122,281,1.0
169,106,1.0
132,113,1.0
159,197,1.0
249,53,1.0
112,174,1.0
199,13,1.0
252,342,1.0
92,57,1.0
239,186,1.0
4,78,1.0
188,186,1.0
246,87,1.0
208,119,1.0
23,267,1.0
64,150,1.0
5,156,1.0
163,150,1.0
227,131,1.0
304,315,1.0
221,25,1.0
200,252,1.0
56,271,1.0
310,14,1.0
242,92,1.0
80,88,1.0
53,1,1.0
40,298,1.0
235,156,1.0
16,332,1.0
63,342,1.0
186,88,1.0
173,202,1.0
165,188,1.0
165,21,1.0
42,33,1.0
310,28,1.0
312,226,1.0
50,334,1.0
66,334,1.0
271,104,1.0
330,101,1.0
211,315,1.0
72,271,1.0
285,203,1.0
152,181,1.0
59,238,1.0
193,61,1.0
260,170,1.0
94,194,1.0
94,330,1.0
21,67,1.0
285,322,1.0
229,119,1.0
161,325,1.0
185,272,1.0
136,67,1.0
89,219,1.0
225,131,1.0
236,248,1.0
84,31,1.0
98,103,1.0
334,200,1.0
149,28,1.0
69,105,1.0
342,123,1.0
265,271,1.0
199,72,1.0
175,263,1.0
252,118,1.0
195,328,1.0
334,66,1.0
48,130,1.0
312,144,1.0
164,285,1.0
39,257,1.0
132,242,1.0
239,40,1.0
230,214,1.0
80,330,1.0
149,14,1.0
126,1,1.0
21,313,1.0
113,199,1.0
272,85,1.0
257,105,1.0
66,134,1.0
271,63,1.0
274,185,1.0
172,203,1.0
313,119,1.0
119,1,1.0
203,341,1.0
119,248,1.0
8,110,1.0
324,27,1.0
98,200,1.0
323,188,1.0
232,271,1.0
4,181,1.0
21,127,1.0
304,285,1.0
158,232,1.0
211,172,1.0
204,180,1.0
45,132,1.0
98,13,1.0
142,203,1.0
304,246,1.0
269,100,1.0
25,65,1.0
55,185,1.0
213,56,1.0
332,213,1.0
285,332,1.0
142,188,1.0
324,224,1.0
202,173,1.0
48,126,1.0
187,266,1.0
9,3,1.0
113,169,1.0
246,285,1.0
303,213,1.0
142,239,1.0
251,184,1.0
53,242,1.0
172,231,1.0
188,13,1.0
203,338,1.0
111,137,1.0
214,19,1.0
41,326,1.0
113,134,1.0
98,304,1.0
10,332,1.0
184,108,1.0
343,20,1.0
170,239,1.0
147,89,1.0
141,25,1.0
236,84,1.0
34,173,1.0
9,231,1.0
67,82,1.0
148,224,1.0
320,197,1.0
26,142,1.0
241,49,1.0
170,119,1.0
87,291,1.0
199,200,1.0
320,80,1.0
143,321,1.0
217,189,1.0
303,67,1.0
9,188,1.0
122,239,1.0
302,299,1.0
118,203,1.0
62,186,1.0
170,62,1.0
119,324,1.0
137,140,1.0
281,135,1.0
239,265,1.0
200,45,1.0
66,122,1.0
323,26,1.0
203,270,1.0
222,211,1.0
98,239,1.0
239,142,1.0
98,109,1.0
188,208,1.0
67,224,1.0
119,318,1.0
119,261,1.0
59,118,1.0
67,122,1.0
302,48,1.0
206,121,1.0
263,68,1.0
26,66,1.0
236,30,1.0
324,67,1.0
170,122,1.0
88,178,1.0
56,113,1.0
137,243,1.0
25,246,1.0
41,20,1.0
199,26,1.0
254,180,1.0
40,258,1.0
119,189,1.0
304,31,1.0
186,25,1.0
140,28,1.0
98,277,1.0
26,56,1.0
176,122,1.0
317,40,1.0
134,277,1.0
298,199,1.0
281,122,1.0
265,252,1.0
51,31,1.0
285,188,1.0
265,26,1.0
280,297,1.0
63,271,1.0
271,314,1.0
322,67,1.0
297,25,1.0
26,248,1.0
304,13,1.0
181,218,1.0
68,296,1.0
45,345,1.0
89,147,1.0
66,308,1.0
315,1,1.0
185,26,1.0
181,306,1.0
271,56,1.0
105,315,1.0
270,25,1.0
261,56,1.0
158,60,1.0
231,25,1.0
176,188,1.0
246,25,1.0
122,136,1.0
248,134,1.0
331,25,1.0
25,332,1.0
97,182,1.0
201,259,1.0
60,313,1.0
156,272,1.0
268,172,1.0
122,251,1.0
172,313,1.0
342,285,1.0
299,1,1.0
92,80,1.0
343,144,1.0
339,158,1.0
56,142,1.0
109,325,1.0
252,170,1.0
177,68,1.0
265,313,1.0
219,154,1.0
169,252,1.0
24,249,1.0
199,313,1.0
322,224,1.0
128,98,1.0
200,142,1.0
30,178,1.0
13,325,1.0
170,252,1.0
322,271,1.0
88,25,1.0
127,197,1.0
26,212,1.0
62,96,1.0
171,58,1.0
326,20,1.0
85,75,1.0
98,332,1.0
291,339,1.0