American
290
746
1
2
3
4
5
6
7
8
9
10
11
12
13
14
15
16
17
18
19
20
21
22
23
24
25
26
27
28
29
30
31
32
33
34
35
36
37
38
39
40
41
42
43
44
45
46
47
48
49
50
51
52
53
54
55
56
57
58
59
60
61
62
63
64
65
66
67
68
69
70
71
72
73
74
75
76
77
78
79
80
81
82
83
84
85
86
87
88
89
90
91
92
93
94
95
96
97
98
99
100
101
102
103
104
105
106
107
108
109
110
111
112
113
114
115
116
117
118
119
120
121
122
123
124
125
126
127
128
129
130
131
132
133
134
135
136
137
138
139
140
141
142
143
144
145
146
147
148
149
150
151
152
153
154
155
156
157
158
159
160
161
162
163
164
165
166
167
168
169
170
171
172
173
174
175
176
177
178
179
180
181
182
183
184
185
186
187
188
189
190
191
192
193
194
195
196
197
198
199
200
201
202
203
204
205
206
207
208
209
210
211
212
213
214
215
216
217
218
219
220
221
222
223
224
225
226
227
228
229
230
231
232
233
234
235
236
237
238
239
240
241
242
243
244
245
246
247
248
249
250
251
252
253
254
255
256
257
258
259
260
261
262
263
264
265
266
267
268
269
270
271
272
273
274
275
276
277
278
279
280
281
282
283
284
285
286
287
288
289
290
6,48,1.0
6,51,1.0
6,208,1.0
6,277,1.0
7,51,1.0
7,65,1.0
7,156,1.0
7,209,1.0
12,65,1.0
12,156,1.0
12,209,1.0
13,51,1.0
16,48,1.0
19,48,1.0
21,48,1.0
21,156,1.0
32,48,1.0
38,48,1.0
48,9,1.0
48,18,1.0
48,22,1.0
48,23,1.0
48,28,1.0
48,40,1.0
48,44,1.0
48,46,1.0
48,59,1.0
48,83,1.0
48,86,1.0
48,89,1.0
48,101,1.0
48,96,1.0
48,105,1.0
48,118,1.0
48,136,1.0
48,138,1.0
48,149,1.0
48,159,1.0
48,160,1.0
48,161,1.0
48,176,1.0
48,180,1.0
48,182,1.0
48,183,1.0
48,186,1.0
48,203,1.0
48,206,1.0
48,207,1.0
48,219,1.0
48,224,1.0
48,230,1.0
48,244,1.0
48,246,1.0
48,248,1.0
48,252,1.0
48,263,1.0
48,266,1.0
48,283,1.0
48,289,1.0
51,15,1.0
51,16,1.0
51,18,1.0
51,19,1.0
51,21,1.0
51,22,1.0
51,28,1.0
51,29,1.0
51,31,1.0
51,32,1.0
51,33,1.0
51,38,1.0
51,40,1.0
51,44,1.0
51,46,1.0
51,48,1.0
51,49,1.0
51,50,1.0
51,59,1.0
51,72,1.0
51,83,1.0
51,85,1.0
51,86,1.0
51,88,1.0
51,94,1.0
51,101,1.0
51,103,1.0
51,104,1.0
51,105,1.0
51,118,1.0
51,126,1.0
51,132,1.0
51,138,1.0
51,140,1.0
51,143,1.0
51,149,1.0
51,160,1.0
51,162,1.0
51,163,1.0
51,168,1.0
51,175,1.0
51,177,1.0
51,182,1.0
51,207,1.0
51,219,1.0
51,246,1.0
51,249,1.0
51,250,1.0
51,266,1.0
51,267,1.0
51,278,1.0
51,280,1.0
51,283,1.0
51,286,1.0
51,289,1.0
53,48,1.0
53,51,1.0
55,48,1.0
55,51,1.0
58,51,1.0
60,48,1.0
60,51,1.0
65,2,1.0
65,8,1.0
65,11,1.0
65,14,1.0
65,15,1.0
65,16,1.0
65,18,1.0
65,19,1.0
65,21,1.0
65,23,1.0
65,24,1.0
65,26,1.0
65,28,1.0
65,29,1.0
65,30,1.0
65,31,1.0
65,32,1.0
65,33,1.0
65,36,1.0
65,44,1.0
65,45,1.0
65,46,1.0
65,48,1.0
65,50,1.0
65,51,1.0
65,53,1.0
65,55,1.0
65,57,1.0
65,58,1.0
65,59,1.0
65,60,1.0
65,64,1.0
65,74,1.0
65,83,1.0
65,85,1.0
65,86,1.0
65,87,1.0
65,92,1.0
65,93,1.0
65,94,1.0
65,97,1.0
65,99,1.0
65,100,1.0
65,101,1.0
65,104,1.0
65,105,1.0
65,106,1.0
65,107,1.0
65,112,1.0
65,118,1.0
65,126,1.0
65,136,1.0
65,137,1.0
65,138,1.0
65,139,1.0
65,141,1.0
65,142,1.0
65,144,1.0
65,147,1.0
65,149,1.0
65,155,1.0
65,158,1.0
65,160,1.0
65,162,1.0
65,165,1.0
65,170,1.0
65,175,1.0
65,176,1.0
65,177,1.0
65,178,1.0
65,180,1.0
65,182,1.0
65,203,1.0
65,206,1.0
65,207,1.0
65,219,1.0
65,227,1.0
65,232,1.0
65,240,1.0
65,246,1.0
65,248,1.0
65,249,1.0
65,250,1.0
65,252,1.0
65,253,1.0
65,259,1.0
65,263,1.0
65,265,1.0
65,267,1.0
65,273,1.0
65,276,1.0
65,285,1.0
65,289,1.0
66,48,1.0
66,51,1.0
66,65,1.0
68,48,1.0
68,51,1.0
68,65,1.0
69,48,1.0
69,51,1.0
69,65,1.0
70,48,1.0
70,51,1.0
70,65,1.0
76,51,1.0
76,65,1.0
90,48,1.0
90,51,1.0
90,65,1.0
91,48,1.0
91,51,1.0
91,65,1.0
95,65,1.0
110,32,1.0
110,48,1.0
110,51,1.0
111,48,1.0
111,51,1.0
111,65,1.0
113,51,1.0
113,65,1.0
115,65,1.0
116,48,1.0
116,51,1.0
116,65,1.0
120,48,1.0
120,51,1.0
120,65,1.0
125,48,1.0
125,65,1.0
127,48,1.0
127,51,1.0
127,65,1.0
129,65,1.0
131,65,1.0
134,48,1.0
134,51,1.0
134,65,1.0
145,48,1.0
145,51,1.0
145,65,1.0
150,65,1.0
152,48,1.0
152,51,1.0
152,65,1.0
156,15,1.0
156,16,1.0
156,19,1.0
156,32,1.0
156,33,1.0
156,48,1.0
156,51,1.0
156,60,1.0
156,65,1.0
156,68,1.0
156,74,1.0
156,76,1.0
156,82,1.0
156,86,1.0
156,87,1.0
156,95,1.0
156,111,1.0
156,115,1.0
156,116,1.0
156,120,1.0
156,126,1.0
156,131,1.0
156,139,1.0
156,145,1.0
156,150,1.0
156,166,1.0
156,220,1.0
157,48,1.0
157,51,1.0
157,65,1.0
167,48,1.0
167,51,1.0
167,65,1.0
169,16,1.0
169,19,1.0
169,21,1.0
169,28,1.0
169,32,1.0
169,46,1.0
169,48,1.0
169,51,1.0
169,53,1.0
169,55,1.0
169,60,1.0
169,65,1.0
169,68,1.0
169,70,1.0
169,96,1.0
169,104,1.0
169,111,1.0
169,116,1.0
169,120,1.0
169,127,1.0
169,134,1.0
169,136,1.0
169,145,1.0
169,156,1.0
169,157,1.0
169,167,1.0
169,206,1.0
169,246,1.0
169,263,1.0
172,48,1.0
172,51,1.0
172,65,1.0
173,48,1.0
173,51,1.0
173,65,1.0
173,169,1.0
181,48,1.0
181,51,1.0
181,65,1.0
181,156,1.0
184,48,1.0
184,51,1.0
184,65,1.0
184,156,1.0
184,169,1.0
188,48,1.0
188,51,1.0
188,65,1.0
188,156,1.0
188,169,1.0
189,4,1.0
189,16,1.0
189,18,1.0
189,19,1.0
189,21,1.0
189,22,1.0
189,32,1.0
189,48,1.0
189,49,1.0
189,51,1.0
189,53,1.0
189,55,1.0
189,60,1.0
189,65,1.0
189,66,1.0
189,68,1.0
189,70,1.0
189,86,1.0
189,104,1.0
189,120,1.0
189,145,1.0
189,156,1.0
189,157,1.0
189,164,1.0
189,167,1.0
189,169,1.0
189,173,1.0
189,182,1.0
189,183,1.0
189,184,1.0
189,213,1.0
189,224,1.0
189,234,1.0
189,267,1.0
189,289,1.0
190,48,1.0
190,51,1.0
190,65,1.0
190,169,1.0
190,209,1.0
193,48,1.0
193,51,1.0
193,65,1.0
193,169,1.0
193,189,1.0
194,65,1.0
196,48,1.0
196,51,1.0
196,65,1.0
196,156,1.0
197,48,1.0
197,51,1.0
197,65,1.0
197,156,1.0
197,169,1.0
198,65,1.0
200,48,1.0
200,51,1.0
200,65,1.0
200,156,1.0
200,169,1.0
200,189,1.0
202,51,1.0
202,65,1.0
208,4,1.0
208,9,1.0
208,16,1.0
208,18,1.0
208,19,1.0
208,21,1.0
208,22,1.0
208,28,1.0
208,32,1.0
208,38,1.0
208,40,1.0
208,46,1.0
208,48,1.0
208,49,1.0
208,51,1.0
208,53,1.0
208,55,1.0
208,59,1.0
208,60,1.0
208,65,1.0
208,66,1.0
208,68,1.0
208,69,1.0
208,70,1.0
208,80,1.0
208,90,1.0
208,91,1.0
208,94,1.0
208,101,1.0
208,104,1.0
208,105,1.0
208,110,1.0
208,111,1.0
208,116,1.0
208,120,1.0
208,123,1.0
208,124,1.0
208,127,1.0
208,134,1.0
208,138,1.0
208,145,1.0
208,149,1.0
208,156,1.0
208,157,1.0
208,160,1.0
208,161,1.0
208,167,1.0
208,169,1.0
208,172,1.0
208,173,1.0
208,182,1.0
208,184,1.0
208,187,1.0
208,188,1.0
208,189,1.0
208,192,1.0
208,193,1.0
208,196,1.0
208,197,1.0
208,200,1.0
208,206,1.0
208,224,1.0
208,230,1.0
208,246,1.0
208,258,1.0
208,279,1.0
208,286,1.0
208,287,1.0
208,289,1.0
209,11,1.0
209,15,1.0
209,16,1.0
209,19,1.0
209,20,1.0
209,21,1.0
209,31,1.0
209,32,1.0
209,39,1.0
209,48,1.0
209,51,1.0
209,60,1.0
209,65,1.0
209,68,1.0
209,69,1.0
209,70,1.0
209,74,1.0
209,76,1.0
209,82,1.0
209,87,1.0
209,95,1.0
209,100,1.0
209,115,1.0
209,116,1.0
209,120,1.0
209,126,1.0
209,131,1.0
209,134,1.0
209,139,1.0
209,145,1.0
209,150,1.0
209,153,1.0
209,156,1.0
209,158,1.0
209,166,1.0
209,167,1.0
209,169,1.0
209,170,1.0
209,172,1.0
209,173,1.0
209,179,1.0
209,181,1.0
209,189,1.0
209,194,1.0
209,196,1.0
209,197,1.0
209,198,1.0
209,200,1.0
209,202,1.0
209,208,1.0
209,220,1.0
209,227,1.0
209,238,1.0
209,240,1.0
209,243,1.0
209,250,1.0
209,253,1.0
209,255,1.0
209,290,1.0
210,32,1.0
210,48,1.0
210,51,1.0
210,65,1.0
210,169,1.0
210,189,1.0
210,208,1.0
210,209,1.0
213,48,1.0
213,51,1.0
213,65,1.0
213,156,1.0
213,208,1.0
213,209,1.0
216,48,1.0
216,51,1.0
216,208,1.0
218,48,1.0
218,51,1.0
218,65,1.0
218,156,1.0
218,169,1.0
218,189,1.0
218,208,1.0
218,210,1.0
221,51,1.0
221,65,1.0
221,156,1.0
221,209,1.0
223,48,1.0
223,51,1.0
223,65,1.0
223,169,1.0
223,189,1.0
223,208,1.0
226,32,1.0
226,48,1.0
226,51,1.0
226,208,1.0
228,48,1.0
228,51,1.0
228,65,1.0
228,156,1.0
228,209,1.0
231,48,1.0
231,51,1.0
231,65,1.0
231,156,1.0
231,169,1.0
231,208,1.0
231,209,1.0
233,48,1.0
233,51,1.0
233,65,1.0
233,156,1.0
233,169,1.0
233,208,1.0
233,209,1.0
234,48,1.0
234,51,1.0
234,65,1.0
234,156,1.0
234,169,1.0
234,208,1.0
234,209,1.0
235,48,1.0
235,51,1.0
235,65,1.0
235,156,1.0
235,169,1.0
235,189,1.0
235,208,1.0
235,209,1.0
236,48,1.0
236,51,1.0
236,65,1.0
236,156,1.0
236,209,1.0
239,51,1.0
239,65,1.0
239,209,1.0
241,65,1.0
241,209,1.0
247,48,1.0
247,51,1.0
247,65,1.0
247,156,1.0
247,169,1.0
247,189,1.0
247,208,1.0
247,209,1.0
254,48,1.0
254,51,1.0
254,65,1.0
257,48,1.0
257,51,1.0
257,65,1.0
257,156,1.0
257,169,1.0
257,189,1.0
257,208,1.0
257,209,1.0
262,32,1.0
262,48,1.0
262,51,1.0
262,208,1.0
264,48,1.0
264,51,1.0
264,65,1.0
264,169,1.0
264,208,1.0
264,209,1.0
270,48,1.0
270,51,1.0
270,65,1.0
270,156,1.0
270,209,1.0
271,48,1.0
271,51,1.0
271,65,1.0
271,169,1.0
274,51,1.0
274,65,1.0
274,156,1.0
274,169,1.0
274,189,1.0
274,209,1.0
277,4,1.0
277,16,1.0
277,18,1.0
277,22,1.0
277,28,1.0
277,32,1.0
277,38,1.0
277,40,1.0
277,46,1.0
277,48,1.0
277,50,1.0
277,51,1.0
277,53,1.0
277,55,1.0
277,59,1.0
277,60,1.0
277,65,1.0
277,66,1.0
277,69,1.0
277,70,1.0
277,86,1.0
277,91,1.0
277,93,1.0
277,101,1.0
277,104,1.0
277,105,1.0
277,111,1.0
277,118,1.0
277,120,1.0
277,125,1.0
277,127,1.0
277,134,1.0
277,136,1.0
277,138,1.0
277,143,1.0
277,145,1.0
277,152,1.0
277,156,1.0
277,157,1.0
277,161,1.0
277,164,1.0
277,167,1.0
277,169,1.0
277,173,1.0
277,180,1.0
277,182,1.0
277,183,1.0
277,184,1.0
277,188,1.0
277,189,1.0
277,193,1.0
277,200,1.0
277,206,1.0
277,208,1.0
277,209,1.0
277,210,1.0
277,213,1.0
277,216,1.0
277,218,1.0
277,226,1.0
277,244,1.0
277,246,1.0
277,257,1.0
277,262,1.0
277,263,1.0
277,264,1.0
277,283,1.0
277,289,1.0
281,48,1.0
281,51,1.0
281,65,1.0
281,189,1.0
281,208,1.0
281,277,1.0
284,51,1.0
284,65,1.0
